762.37 127.414
710.705 255.904
827.041 64.8213
305.377 246.297
253.386 178.162
434.044 201.981
332.13 165.261
863.768 293.35
577.319 230.1
130.15 195.016
16.752 79.238
126.195 257.728
143.795 129.5
119.46 36.6012
906.027 71.4057
466.204 268.838
556.439 96.1381
578.985 168.723
448.693 311.342
266.728 247.292
478.704 246.833
364.207 285.506
258.4 114.082
732.991 294.25
65.1285 303.886
478.026 29.3658
175.954 212.906
807.661 112.948
60.075 8.36733
416.22 22.0645
217.643 310.662
818.498 272.592
243.333 173.644
341.562 243.759
465.845 214.336
483.104 14.4911
398.062 298.324
844.383 231.263
259.286 236.854
581.181 114.587
624.515 54.7798
400.295 281.864
752.427 107.047
209.216 286.092
319.076 220.361
867.604 189.188
596.86 275.059
399.802 295.822
362.585 261.096
621.218 291.689
438.654 70.6323
861.978 294.601
135.632 282.178
582.178 139.361
562.735 91.3769
713.332 99.7716
406.565 73.9019
171.717 89.8426
505.582 134.447
155.494 290.364
95.3699 42.092
450.377 243.831
893.2 299.331
621.423 123.854
680.543 119.235
268.215 75.8592
530.962 79.7232
139.913 234.823
115.555 254.324
150.512 238.933
69.4495 304.133
49.539 167.857
161.471 78.3398
724.007 234.984
596.19 309.635
580.71 243.596
86.5998 44.899
472.79 26.8778
65.2653 67.0803
419.586 262.657
520.853 242.275
49.0046 52.1827
906.994 66.9765
807.41 41.899
905.008 19.1903
789.839 25.0006
5.76626 295.536
539.472 59.3584
149.634 126.557
828.289 262.663
326.981 177.69
526.384 145.919
624.086 33.6855
482.381 242.819
277.387 317.529
524.159 281.081
678.767 201.993
34.0559 239.801
756.081 296.27
792.311 266.27
888.388 238.532
819.547 314.783
605.527 160.128
150.391 265.944
806.499 26.4843
589.985 80.878
571.679 74.8656
636.061 102.764
299.543 75.5941
69.1157 203.317
204.409 209.06
464.171 310.926
255.438 175.662
652.938 38.0232
428.693 190.428
856.608 145.392
306.398 271.564
395.235 3.0276
314.173 192.317
756.085 76.3776
613.306 155.578
438.152 98.9759
646.439 60.0527
564.75 14.9948
376.655 223.323
611.913 204.77
316.14 60.7099
553.241 201.436
663.31 106.423
672.097 66.3037
835.427 219.753
593.083 83.8104
483.859 29.8707
237.75 281.008
622.943 31.8094
102.704 116.989
523.905 190.641
605.234 93.8313
704.069 93.7047
300.326 62.3408
892.849 3.13799
750.789 107.41
172.322 140.806
869.566 294.22
694.209 224.306
111.635 220.08
349.368 248.219
855.461 293.375
782.035 66.7283
720.259 176.277
271.046 289.769
825.227 279.925
452.82 185.231
149.295 89.1038
784.444 158.583
421.614 271.964
450.86 94.5549
165.281 219.569
660.433 46.2205
547.813 158.59
760.511 232.312
163.278 72.585
453.166 40.5603
127.106 116.621
295.95 298.343
824.179 199.826
759.329 262.165
450.947 108.521
358.866 211.508
553.039 84.3321
138.863 25.0693
99.6027 207.812
331.056 93.6697
301.904 30.9852
388.732 299.169
530.131 86.4167
598.166 244.245
443.121 52.0125
801.148 200.962
470.532 68.0943
506.592 137.531
753.095 127.416
223.116 105.672
662.071 205.092
893.284 109.561
814.292 45.2717
373.763 3.71992
710.87 248.255
267.779 38.4644
785.309 231.28
46.492 144.815
894.753 227.115
192.849 152.698
784.989 31.8664
92.1012 123.761
275.096 210.964
734.231 43.8813
48.615 18.9883
416.233 250.316
628.329 142.734
109.796 189.504
525.665 170.508
540.516 117.09
277.378 284.614
433.309 56.0028
553.805 169.188
562.127 191.59
213.459 265.879
65.4316 33.4303
837.974 55.9485
437.969 73.7061
750.226 94.4835
325.26 281.292
313.547 261.141
598.527 13.5521
235.009 249.486
568.498 267.881
280.882 72.281
181.209 196.757
101.308 216.524
709.947 230.789
183.319 129.578
287.671 140.015
211.051 124.668
484.226 51.2022
504.635 6.63623
346.094 123.529
278.394 236.496
237.703 208.592
501.846 294.43
622.818 259.512
633.553 101.2
586.53 3.90952
484.329 270.363
561.694 206.376
471.256 129.425
329.75 230.6
727.717 217.544
140.353 12.4599
59.5223 220.06
171.793 198.829
635.773 182.57
3.01856 3.81551
278.241 85.1794
595.108 274.703
165.951 110.551
605.943 281.525
593.241 101.607
802.938 61.2322
144.211 162.101
752.206 216.858
820.274 62.7735
359.042 226.529
788.376 176.072
670.758 298.53
212.973 296.651
501.056 298.828
449.438 177.717
851.912 256.287
738.796 191.05
596.767 318.505
848.946 105.204
793.25 189.352
579.183 243.465
703.756 254.781
239.82 194.192
427.861 55.0916
721.919 277.097
792.084 213.284
375.297 196.61
542.194 207.301
489.394 49.1727
526.014 12.4824
636.324 166.772
755.511 165.786
103.946 157.76
463.866 17.4229
738.988 124.321
579.079 145.775
132.304 133.359
225.564 131.352
17.7982 230.196
521.218 260.517
529.327 144.064
434.012 318.462
55.1445 25.6148
581.894 191.935
203.455 71.8925
572.37 295.677
669.834 149.187
398.898 272.486
864.159 303.754
815.673 245.91
303.88 172.684
200.318 153.861
861.587 150.242
802.308 309.594
168.308 147.656
708.103 245.73
820.827 83.9121
691.259 308.395
302.32 129.956
509.51 178.315
565.061 62.7468
434.555 116.513
593.761 293.454
192.676 194.88
785.217 36.9093
340.068 65.2829
587.101 190.476
614.281 191.636
55.2687 180.357
512.074 79.155
19.1142 111.342
10.2115 295.734
546.291 247.078
804.913 298.781
158.624 144.458
443.387 254.884
580.303 309.087
142.579 95.1387
800.395 118.397
815.985 239.749
432.604 88.8099
858.71 40.8996
785.44 200.176
652.393 296.004
168.58 91.7662
153.285 66.5467
568.643 58.0439
116.636 74.3615
858.967 6.40947
147.546 40.1566
419.972 208.237
830.275 34.0725
557.875 24.4371
358.34 159.865
397.109 95.2304
222.882 292.14
514.379 62.6455
33.4183 139.326
738.583 241.576
324.527 319.354
34.2781 168.488
183.857 212.45
635.307 106.182
806.856 207.654
311.042 17.9534
695.865 257.459
634.335 218.851
820.289 101.515
682.993 96.7428
734.48 62.1222
536.955 18.9937
93.816 52.0135
222.954 45.3022
535.152 20.4606
807.046 302.67
52.7001 296.22
426.49 83.7162
533.245 55.6902
531.05 153.481
740.072 296.489
478.503 187.156
662.105 73.6249
241.076 203.48
489.049 7.29488
845.024 112.52
188.171 168.196
364.892 99.6795
617.313 207.153
403.222 87.5491
638.384 107.86
196.144 243.428
235.591 219.377
16.6406 270.749
773.432 193.043
292.937 214.411
478.781 271.664
228.44 83.4805
68.2783 165.574
807.281 196.429
482.585 263.183
869.856 236.286
313.283 116.462
41.7434 9.5885
6.59396 156.947
267.061 227.227
744.232 163.356
425.061 26.886
174.84 155.8
837.66 15.7995
78.392 79.8649
645.776 196.375
86.0369 307.778
787.06 54.8179
432.732 242.816
705.642 4.21968
525.644 236.195
675.073 295.378
89.2457 252.47
858.524 34.2707
250.781 78.104
734.817 32.2236
677.791 90.1539
158.837 300.193
690.58 32.7447
889.903 270.797
311.093 222.203
415.145 140.139
593.896 105.027
545.445 43.3324
75.5449 122.203
125.945 211.841
105.585 282.057
529.117 69.0545
606.835 170.185
284.671 301.945
697.226 40.8234
36.6297 165.75
363.366 69.2778
411.648 52.9315
280.963 139.935
6.91858 208.632
116.231 148.9
78.1871 250.12
713.269 219.727
825.755 277.769
58.7199 17.0041
479.003 58.3283
841.719 36.8288
353.137 191.589
579.761 224.708
490.169 131.304
746.295 185.702
836.004 72.5088
716.266 120.996
347.608 33.002
733.203 125.169
678.286 299.07
770.591 266.405
648.561 203.995
469.105 200.641
456.673 186.062
610.016 11.3734
686.131 192.707
127.796 47.7734
179.288 249.216
766.075 235.829
168.543 214.013
285.256 35.5733
806.032 34.5102
436.198 87.9619
182.75 93.5002
597.167 303.146
202.835 163.199
706.509 299.759
130.617 95.6832
509.712 206.957
792.44 76.0457
611.966 202.136
755.462 260.533
701.837 11.0479
536.318 198.391
693.206 248.27
259.282 26.4076
798.408 56.9256
163.983 116.412
402.954 122.43
588.008 34.018
296.769 278.482
551.878 35.1274
731.239 240.411
362.892 118.641
358.786 88.5562
544.678 23.6987
817.901 139.439
799.515 216.602
418.89 151.981
266.651 73.3641
224.694 185.397
274.558 42.0934
680.246 154.689
441.709 63.2105
779.274 44.4174
267.32 60.6956
4.55915 288.445
263.32 259.14
590.694 220.634
160.749 16.224
870.543 248.468
104.233 275.882
189.567 318.154
487.184 214.395
423.58 265.478
809.553 228.386
368.767 63.5307
760.377 51.1979
611.652 104.985
316.213 171.339
415.802 205.637
650.968 148.301
491.731 3.85814
245.159 62.9384
629.5 143.223
215.906 209.682
200.335 113.085
467.488 137.599
312.886 18.0483
87.3595 259.375
797.506 315.753
473.741 92.401
165.023 116.24
399.286 273.503
620.204 252.007
351.6 46.6275
388.032 34.8781
545.367 309.727
100.856 278.371
146.189 257.228
285.434 127.828
414.4 171.285
676.232 310.473
869.672 30.152
20.5601 18.8773
814.584 288.048
37.9439 135.288
168.34 71.9134
706.443 200.048
68.6423 148.753
372.125 148.26
546.653 267.699
511.811 66.3099
728.92 215.874
66.5464 308.091
432.023 124.274
326.203 298.012
831.75 34.8315
817.311 280.442
175.554 295.007
842.453 30.5103
744.938 309.95
462.463 3.50303
172.364 93.3262
569.904 85.2797
679.554 13.6057
655.249 113.461
791.186 92.6774
502.228 216.731
868.727 200.451
579.215 139.654
9.7546 318.741
331.173 296.283
91.853 86.1504
726.927 94.5561
170.356 234.045
346.544 4.21143
633.777 284.864
12.571 283.857
161.914 205.265
136.148 296.27
613.503 278.677
251.675 176.176
142.458 265.502
203.795 37.9058
411.676 275.729
495.935 148.677
777.427 291.225
351.936 306.043
159.593 61.6864
225.687 116.532
832.242 201.666
334.242 197.726
470.239 122.458
456.161 222.721
18.2879 208.721
562.62 222.594
472.707 286.722
220.48 216.752
657.198 149.677
715.349 58.1767
296.285 108.217
579.305 59.8769
222.393 9.81501
126.993 134.817
194.103 124.52
705.934 43.233
13.9111 48.0929
676.365 170.716
475.99 80.5427
205.302 174.274
813.835 270.428
215.069 134.661
671.217 153.638
85.7068 149.375
