617.017 252.828
575.229 509.808
669.326 127.643
247.383 490.594
205.331 354.325
351.455 401.962
269.022 328.523
699.032 584.7
467.341 458.201
105.653 388.032
13.932 156.476
102.454 513.456
116.689 257.001
97.0066 71.2024
733.213 140.811
377.467 535.675
450.452 190.276
468.688 335.447
363.303 620.685
216.122 492.583
387.577 491.665
294.967 569.013
209.386 226.164
593.254 586.501
53.0609 605.772
387.029 56.7315
142.701 423.812
653.65 223.896
48.9734 14.7347
337.038 42.129
176.421 619.323
662.416 543.185
197.199 345.288
276.652 485.518
377.176 426.672
391.136 26.9823
322.351 594.647
683.353 460.526
210.103 471.708
470.464 227.175
505.515 107.56
324.157 561.728
608.975 212.094
169.605 570.185
258.464 438.722
702.135 376.375
483.147 548.118
323.758 589.645
293.656 520.192
502.848 581.378
355.183 139.265
697.585 587.202
110.087 562.356
471.271 276.722
455.545 180.754
577.354 197.543
329.229 145.804
139.274 177.685
409.317 266.895
126.152 578.727
77.5213 82.1839
364.665 485.662
722.838 596.663
503.014 245.708
550.832 236.47
217.325 149.718
429.846 157.446
113.549 467.646
93.8476 506.647
122.123 475.865
56.5558 606.266
40.4514 333.714
130.986 154.68
585.988 467.968
482.605 617.27
470.084 485.191
70.4277 87.7979
382.794 51.7556
53.1715 132.161
339.76 523.315
421.669 482.549
40.0192 102.365
733.995 131.953
653.448 81.798
732.389 36.3806
639.235 48.0011
5.0463 589.072
436.729 116.717
121.412 251.115
670.336 523.326
264.858 353.38
426.143 289.838
505.168 65.3711
390.551 483.639
224.744 633.057
424.343 560.162
549.396 401.987
27.9281 477.603
611.931 590.539
641.235 530.54
718.946 475.064
663.264 627.567
490.156 318.256
122.025 529.888
652.71 50.9686
477.586 159.756
462.779 147.731
514.854 203.527
242.665 149.188
56.2858 404.634
165.716 416.12
375.822 619.852
206.991 349.324
528.505 74.0464
347.126 378.855
693.241 288.784
248.209 541.127
320.064 4.05521
254.498 382.634
611.934 150.755
496.448 309.156
354.777 195.952
523.248 118.105
457.174 27.9897
305.036 444.646
495.322 407.539
256.089 119.42
447.865 400.872
536.894 210.846
544.001 130.607
676.109 437.505
480.091 165.621
391.747 57.7413
192.684 560.016
504.243 61.6188
83.4538 231.978
424.137 379.282
489.919 185.663
569.862 185.409
243.298 122.682
722.554 4.27597
607.65 212.821
139.763 279.612
703.722 586.44
561.886 446.612
90.6768 438.16
282.965 494.438
692.314 584.75
632.923 131.457
582.957 350.555
219.615 577.537
667.859 557.851
366.641 368.463
121.138 176.208
634.872 315.166
341.401 541.927
365.055 187.11
134.068 437.137
534.567 90.441
443.476 315.18
615.514 462.624
132.448 143.17
366.921 79.1206
103.191 231.241
239.759 594.685
667.011 397.653
614.558 522.329
365.126 215.042
290.647 421.017
447.702 166.664
112.7 48.1386
80.9449 413.624
268.154 185.339
244.574 59.9705
314.804 596.339
429.173 170.833
484.203 486.491
358.796 102.025
648.383 399.923
380.967 134.189
410.134 273.063
609.515 252.831
180.847 209.345
535.892 408.184
722.906 217.123
659.014 88.5435
302.697 5.43984
575.362 494.51
216.972 74.9287
635.571 460.56
37.9869 287.631
724.094 452.23
156.366 303.397
635.313 61.7328
74.8774 245.522
222.891 419.928
594.258 85.7626
39.7041 35.9766
337.048 498.632
508.6 283.468
89.1895 377.009
425.561 339.016
437.573 232.179
224.737 567.228
350.86 110.006
448.322 336.375
455.053 381.181
173.036 529.758
53.306 64.8606
678.169 109.897
354.629 145.412
607.195 186.967
263.465 560.585
253.992 520.282
484.495 25.1042
190.467 496.972
460.206 533.762
227.571 142.562
146.951 391.513
82.3243 431.049
574.616 459.578
148.658 257.155
233.062 278.029
171.089 247.336
392.043 100.404
408.551 11.2725
280.317 245.058
225.559 470.991
192.646 415.183
406.296 586.86
504.142 517.023
512.825 200.401
474.791 5.81904
392.127 538.727
454.703 410.752
381.553 256.851
267.097 459.2
588.988 433.089
113.905 22.9197
48.5264 438.119
139.335 395.658
514.62 363.141
2.82385 5.63101
225.435 168.359
481.729 547.405
134.61 219.101
490.493 561.05
480.219 201.214
649.83 120.464
117.026 322.201
608.797 431.716
663.852 123.547
290.79 451.058
638.052 350.145
542.918 595.06
172.643 591.302
405.656 595.655
363.906 353.434
689.443 510.575
597.95 380.1
483.071 635.011
687.043 208.408
641.994 376.704
468.848 484.93
569.609 507.563
194.358 386.385
346.453 108.183
584.299 552.194
641.052 424.568
303.937 391.22
438.93 412.603
396.223 96.3455
425.844 22.9647
515.066 331.544
611.47 329.571
84.4583 313.519
375.575 32.8458
598.105 246.643
468.764 289.55
107.395 264.718
182.828 260.704
14.7782 458.392
421.964 519.034
428.523 286.128
351.429 634.925
44.9854 49.2296
471.041 381.87
164.945 141.785
463.338 589.354
542.171 296.374
323.027 542.973
699.349 605.507
660.131 489.821
246.173 343.368
162.408 305.723
697.268 298.483
649.321 617.188
136.516 293.313
573.124 489.461
664.3 165.824
559.5 614.789
244.911 257.913
412.494 354.629
457.426 123.494
351.867 231.027
480.64 584.908
156.226 387.761
635.497 71.8186
275.443 128.566
475.253 378.952
497.238 381.273
45.0859 358.714
414.568 156.31
15.8427 220.683
8.64175 589.468
442.244 492.156
651.428 595.561
128.683 286.916
359.012 507.767
469.755 616.173
115.706 188.277
647.774 234.794
660.384 477.498
350.29 175.62
694.941 79.7992
635.677 398.352
528.064 590.007
136.736 181.532
124.365 131.093
460.324 114.088
94.7219 146.723
695.149 10.8189
119.723 78.3132
340.073 414.475
671.941 66.145
451.614 46.8742
290.222 317.73
321.58 188.461
180.658 582.28
416.432 123.291
27.4124 276.652
597.777 481.151
262.872 636.709
28.1078 334.977
149.093 422.899
514.244 210.364
652.999 413.309
251.965 33.9068
563.225 512.918
513.458 435.702
663.865 201.03
552.814 191.486
594.459 122.244
434.693 35.9875
76.2644 102.027
180.717 88.6044
433.235 38.9213
653.153 603.339
43.0082 590.44
345.345 165.432
431.692 109.38
429.916 304.962
598.982 590.979
387.415 372.311
535.919 145.25
195.374 404.96
395.944 12.5898
683.871 223.039
152.583 334.392
295.521 197.359
499.69 412.305
326.524 173.098
516.732 213.719
159.032 484.857
190.938 436.753
13.8419 539.498
625.965 384.085
237.322 426.823
387.64 541.328
185.154 164.961
55.6085 329.147
653.343 390.857
390.716 524.366
703.956 470.571
253.778 230.923
34.146 17.177
5.71578 311.894
216.392 452.455
602.347 324.712
344.189 51.772
141.8 309.6
677.915 29.599
63.7888 157.73
522.712 390.749
69.9723 613.555
636.987 107.636
350.393 483.631
571.134 6.43935
425.544 470.39
546.408 588.756
72.5678 502.941
694.791 66.5415
203.224 154.208
594.732 62.4472
548.607 178.308
128.856 598.386
558.951 63.4894
720.171 539.594
252.007 442.407
336.168 278.277
480.749 208.053
441.56 84.6647
61.486 242.406
102.252 421.682
85.784 562.114
428.353 136.109
491.214 338.371
230.635 601.889
564.327 79.6469
30.0099 329.499
294.288 136.556
333.34 103.863
227.637 277.87
5.97834 415.264
94.3944 295.8
63.6232 498.239
577.302 437.454
668.286 553.538
47.8773 32.0081
387.819 114.657
681.198 71.6576
286.013 381.178
469.316 447.416
396.851 260.607
604.016 369.403
676.575 143.018
579.726 239.992
281.542 64.004
593.426 248.337
549.007 596.139
623.667 530.81
524.964 405.99
379.813 399.283
369.758 370.125
493.787 20.7469
555.352 383.413
103.749 93.5469
145.397 496.433
620.014 469.658
136.707 426.026
231.108 69.1465
652.333 67.0204
353.197 173.924
148.198 185
483.395 604.293
164.444 324.398
571.835 597.518
106.031 189.366
412.657 411.915
641.339 150.091
495.365 402.273
611.43 519.066
568.056 20.0958
434.178 394.782
561.075 494.539
210.1 50.8151
646.166 111.851
133.018 230.824
326.307 242.86
475.986 66.0361
240.421 554.964
446.763 68.2548
591.838 478.821
293.904 235.282
290.583 175.112
440.94 45.3973
661.934 276.879
647.062 431.204
339.197 301.962
216.06 144.728
182.124 368.795
222.456 82.1868
550.592 307.379
357.654 124.421
630.69 86.8348
216.602 119.391
4.06995 574.891
213.366 516.28
478.159 439.267
130.402 30.4479
704.512 494.937
84.6899 549.765
153.712 634.309
394.436 426.79
342.991 528.955
655.181 454.772
298.656 125.061
615.406 100.396
495.11 207.97
256.148 340.679
336.699 409.274
526.911 294.603
398.114 5.71627
198.677 123.877
509.547 284.446
175.015 417.363
162.421 224.17
378.505 273.198
253.457 34.0965
71.0422 516.75
645.437 629.505
383.563 182.802
133.86 230.481
323.341 545.007
502.028 502.015
284.771 91.255
314.238 67.7562
441.497 617.453
81.9589 554.741
118.625 512.456
231.253 253.655
335.565 340.569
547.346 618.947
703.808 58.304
17.0121 35.7546
659.25 574.095
31.0729 268.576
136.542 141.827
571.782 398.095
55.9029 295.507
301.372 294.52
442.537 533.399
414.355 130.62
589.962 429.748
54.2077 614.183
349.82 246.548
264.228 594.023
673.135 67.6629
661.456 558.884
142.377 588.013
681.792 59.0206
602.918 617.899
374.441 5.00606
139.798 184.652
461.343 168.559
550.033 25.2114
530.374 224.921
640.325 183.355
406.604 431.462
703.043 398.902
468.874 277.307
8.27223 635.482
268.249 590.567
74.6767 170.301
588.349 187.112
138.173 466.09
280.681 6.42286
513.006 567.729
10.5503 565.715
131.345 408.53
110.505 590.541
496.608 555.354
203.947 350.352
115.608 529.003
165.22 73.8115
333.363 549.459
401.514 295.355
629.196 580.45
285.042 610.087
129.467 121.373
182.927 231.064
673.533 401.332
270.731 393.452
380.73 242.916
369.343 443.442
15.1743 415.442
455.452 443.188
382.727 571.445
178.716 431.504
531.95 297.354
578.985 114.353
240.03 214.434
468.947 117.754
180.262 17.63
103.099 267.634
157.381 247.039
571.37 84.4659
11.6342 94.1858
547.453 339.431
385.382 159.085
166.439 346.549
658.644 538.856
174.338 267.322
543.29 305.277
69.7054 296.749
690.99 562.141
470.552 171.443
159.19 178.811
330.246 293.459
223.489 375.037
643.182 329.444
713.371 417.791
473.783 628.447
586.653 249.828
379.369 207.079
468.032 472.751
634.59 341.441
429.699 65.3643
698.048 207.908
423.983 29.589
578.228 331.271
678.444 273.76
575.992 90.3054
518.28 149.911
439.087 7.01173
601.582 302.857
384.638 505.025
94.8214 108.365
569.958 590.625
409.656 187.35
183.508 125.107
25.1359 73.3316
534.366 393.709
157.027 433.31
689.823 503.337
530.167 464.274
225.983 412.63
114.832 59.3225
576.246 548.605
238.213 244.699
636.879 92.1825
627.602 250.072
684.748 626.204
409.937 452.68
665.898 74.6307
2.03431 100.533
227.283 22.1315
197.505 24.2848
476.005 306.561
524.062 375.457
197.542 278.495
231.88 366.506
60.8411 299.765
487.5 552.059
241.822 629.062
182.42 125.987
95.5077 66.3147
430.218 40.4518
62.4463 92.496
564.963 631.348
189.75 491.161
107.751 360.864
588.167 263.747
440.681 287.133
653.788 200.744
28.0001 102.205
548.973 224.322
536.855 528.363
600.591 252.538
508.901 94.4573
280.068 599.181
251.115 324.844
31.3437 590.503
417.832 80.0143
51.4889 216.428
84.1343 208.125
79.791 165.244
652.271 578.882
491.14 312.138
262.13 357.298
587.695 250.605
526.258 350.121
544.01 286.213
276.481 357.014
617.469 44.906
517.014 142.352
6.70354 29.9149
535.112 31.5821
711.462 190.492
125.837 25.416
465.738 180.959
266.189 472.509
395.857 160.531
475.487 133.194
541.411 3.40506
561.925 343.551
289.747 307.995
63.7736 86.9364
681.296 294.156
508.358 490.96
387.637 253.421
726.301 341.149
323.5 458.507
426.388 261.753
12.3579 478.327
327.912 413.92
24.1972 514.711
285.625 363.489
42.5606 23.8191
569.051 505.91
28.7297 345.175
243.078 275.234
17.1583 265.133
414.234 605.378
641.107 164.12
527.219 256.351
477.963 451.649
685.085 58.8773
312.934 328.231
366.424 281.156
193.699 601.8
65.3884 187.844
550.436 303.504
631.95 513.751
374.126 406.017
438.969 348.547
129.976 591.123
715.333 126.362
250.899 343.952
107.588 137.546
582.158 550.079
450.749 283.614
418.328 349.397
391.584 633.884
45.3075 21.1214
318.555 206.186
714.343 332.114
450.902 461.432
728.957 303.363
387.777 320.941
81.8517 80.8446
35.9393 182.571
38.7927 15.2695
352.961 250.224
410.839 398.674
443.697 225.293
357.357 139.667
583.119 36.4801
560.281 209.398
36.947 524.692
262.711 307.403
106.595 211.44
733.445 482.907
39.8335 633.136
170.348 370.055
363.485 217.649
516.356 345.565
458.027 480.867
412.696 67.1537
106.84 78.0555
533.538 476.86
346.533 136.58
706.983 170.255
196.579 463.59
434.355 201.424
402.853 604.172
583.028 441.159
204.12 506.345
328.944 210.484
576.873 432.336
665.563 179.557
13.4918 389.438
601.782 408.205
267.068 243.956
544.507 323.395
368.014 299.186
186.445 619.361
498.939 138.782
174.199 602.827
690.693 527.269
191.044 312.654
567.621 35.0786
132.993 33.0532
620.544 399.879
277.694 402.903
223.229 182.076
667.775 204.2
655.177 465.582
702.239 163.819
82.0348 445.763
558.153 389.55
122.791 9.47001
426.595 538.716
168.026 520.527
579.248 108.624
471.35 31.7949
482.264 265.237
74.3638 533.092
340.711 602.297
339.193 535.827
422.324 487.186
91.662 309.66
61.1421 11.4172
157.656 25.7904
199.083 206.781
540.128 20.4508
683.739 574.503
31.8333 327.242
546.649 172.173
241.13 340.763
320.578 617.564
426.19 60.0759
281.45 433.432
680.099 539.091
457.461 248.139
502.566 126.928
111.714 514.821
499.885 148.711
603.066 569.83
198.237 59.4741
159.232 4.05495
89.3853 94.9421
663.284 103.846
483.306 413.778
315.078 627.952
133.83 550.816
698.915 485.099
700.498 214.317
322.573 562.059
132.526 40.259
197.889 550.325
189.819 267.523
491.319 597.775
476.458 313.384
609.244 584.735
426.535 30.2168
675.06 446.783
141.447 525.349
631.139 541.343
346.278 184.647
611.189 415.668
111.872 500.811
302.128 68.3545
88.4685 541.298
722.967 190.536
666.735 162.612
118.086 106.744
492.458 528.007
76.2581 204.369
233.79 594.125
173.611 572.249
715.978 99.8949
438.245 107.501
717.016 291.661
12.1784 286.37
545.6 540.139
73.402 569.771
463.471 324.805
731.842 478.078
262.232 626.539
34.9334 169.66
173.665 131.476
315.522 577.287
24.4238 338.924
165.038 222.874
339.282 292.761
180.539 279.391
449.32 536.156
442.686 375.899
218.166 393.735
27.6301 26.1247
340.232 86.3066
683.238 60.8232
470.562 592.021
617.641 635.215
667.89 565.516
191.761 93.7112
67.5938 439.279
37.6766 78.4743
161.063 174.654
344.231 433.251
535.363 454.472
85.6064 218.069
405.553 457.533
681.02 540.445
245.157 614.237
649.486 507.141
71.6824 520.465
651.091 469.655
545.805 464.866
537.039 417.046
451.307 631.745
585.249 449.373
498.084 539.755
604.918 571.226
87.64 187.196
421.493 539.823
3.91973 439.119
137.687 354.296
297.392 73.8603
295.192 469.92
57.3574 183.311
389.938 110.641
75.4023 267.025
665.285 538.262
107.761 407.166
364.902 484.272
461.124 188.065
339.969 195.935
103.076 183.492
148.355 164.229
424.037 493.638
75.7194 370.356
338.946 183.943
99.4293 551.409
294.114 341.393
440.887 303.901
601.3 84.389
474.511 586.479
401.854 352.839
559.909 441.305
140.119 166.049
330.683 520.916
404.962 581.222
90.4504 439.934
145.538 206.011
692.754 493.401
70.6526 30.2141
259.532 354.406
243.879 310.409
307.937 465.961
15.5829 13.1426
151.464 534.505
109.65 542.404
555.585 442.946
295.77 331.725
283.118 377.248
570.306 531.827
299.131 209.888
546.453 337.014
13.3049 599.763
622.387 611.985
523.566 600.674
4.53131 42.9212
364.639 214.357
404.059 582.894
48.4035 363.132
683.4 172.18
298.525 51.568
87.8421 104.62
566.553 331.827
499.605 100.764
81.5008 292.119
725.473 329.238
575.178 467.64
32.2141 509.83
493.916 567.276
556.542 246.567
609.641 486.014
330.581 209.03
71.4836 636.818
176.855 102.689
416.282 109.96
313.755 619.586
183.306 347.453
98.917 14.0413
47.2087 518.552
129.53 110.354
198.433 105.396
503.342 34.6787
656.928 463.844
624.095 362.439
452.157 388.323
698.327 285.07
271.709 256.494
566.077 296.709
293.548 8.023
457.08 615.262
133.188 32.2661
686.637 273.511
434.431 45.0547
328.352 416.999
646.076 396.357
604.349 96.2779
574.886 324.945
148.12 432.789
173.247 33.4649
180.659 541.908
482.851 126.234
217.201 18.1257
437.894 43.0777
359.753 634.04
56.2102 72.2316
703.272 163.084
117.667 570.15
499.891 478.217
705.462 82.1463
295.738 536.812
548.127 144.568
726.046 338.257
537.779 122.046
152.826 616.301
176.381 288.274
598.43 571.299
474.472 71.1874
675.791 155.236
128.909 262.259
173.809 159.366
382.376 124.579
368.517 432.989
64.9898 117.044
314.142 31.9338
226.652 528.42
651.99 35.6933
39.968 559.835
427.791 500.501
50.2026 502.996
550.773 195.392
176.103 361.012
147.814 563.778
494.833 78.1161
92.941 540.464
389.149 230.291
70.8612 32.8662
405.831 380.28
533.569 407.598
569.787 99.0599
503.273 54.5131
719.591 366.277
101.219 22.469
331.299 458.156
599.306 329.993
371.628 361.773
602.085 474.422
97.2808 14.0763
460.306 512.984
103.505 479.214
477.856 426.568
81.9964 475.279
526.179 422.374
250.096 283.289
220.647 74.8817
437.458 627.504
146.322 367.829
409.182 213.601
446.607 5.89356
38.5509 271.268
383.983 354.909
725.991 219.272
219.91 77.8264
265.967 589.532
677.386 319.541
495.462 366.259
124.125 500.251
233.959 563.542
327.286 419.097
240.051 474.597
565.938 587.18
533.853 617.373
364.557 181.883
221.801 67.3065
213.516 224.732
387.077 517.663
664.531 329.616
113.567 130.973
466.34 328.283
94.6558 356.254
11.0045 511.25
96.9678 115.932
429.577 286.051
47.4327 20.1262
76.982 248.305
566.795 557.127
226.992 318.825
617.18 512.494
573.683 91.475
664.713 46.4842
361.333 276.375
646.698 253.848
694.858 23.0822
440.303 371.434
401.798 463.325
102.924 357.189
387.077 172.201
541.932 72.0765
524.819 510.595
103.516 521.4
138.848 580.926
506.72 316.386
300.959 339.028
219.389 122.459
492.881 130.68
191.841 104.71
465.893 91.0908
410.076 371.046
128.803 101.379
119.949 459.538
647.339 192.168
205.403 261.28
416.764 11.8481
381.071 180.621
598.699 419.559
73.3835 3.3439
416.898 502.549
365.387 622.237
234.004 506.609
122.499 630.08
730.879 271.64
111.098 402.343
414.878 451.348
155.524 470.904
633.554 237.87
336.282 475.432
492.346 469.169
113.31 152.407
551.02 428.068
380.693 361.46
240.967 393.05
417.265 570.113
296.181 42.534
637.723 459.177
629.429 23.0457
519.069 544.432
336.562 546.046
355.08 15.4158
413.341 442.164
557.122 272.122
48.0771 138.761
125.788 468.072
697.09 206.265
711.533 446.948
727.478 311.508
195.828 203.96
76.3035 531.212
156.31 322.158
657.746 52.4224
164.668 480.889
84.2557 592.591
445.482 364.153
575.904 58.0956
434.259 222.032
573.167 223.889
566.139 538.294
414.786 599.707
423.667 328.58
193.025 348.846
157.985 162.306
25.427 305.936
418.947 86.9133
228.906 498.339
468.215 132.895
631.291 548.407
703.827 620.229
578.62 361.105
398.365 365.636
479.872 85.9518
673.769 277.46
354.005 439.822
204.283 30.4902
461.836 544.121
410.666 567.502
293.151 492.598
105.363 275.322
184.464 454.073
414.308 357.682
361.568 129.307
562.023 225.173
45.406 462.361
238.406 540.711
213.159 551.785
308.551 600.666
731.395 216.015
276.07 305.577
20.2281 415.881
384.191 417.367
370.304 53.1379
398.924 574.969
625.508 436.676
244.033 66.2701
290.598 570.526
485.341 565.161
70.8646 272.529
175.026 99.5465
111.213 357.737
2.29689 280.356
312.204 268.605
279.403 269.259
555.167 481.149
659 498.458
297.827 268.903
319.459 579.033
368.048 622.694
593.587 225.777
484.671 90.2932
333.526 36.1197
25.9621 73.9999
689.437 82.6527
396.232 113.616
207.097 439.419
539.896 180.457
93.8171 102.874
514.242 322.798
425.7 291.683
190.694 304.969
174.804 422.977
657.891 427.967
418.653 253.914
474.647 242.012
549.494 196.031
379.861 129.739
264.588 351.125
231.888 191.432
496.649 544.268
348.488 609.977
397.564 134.4
175.141 425.463
270.485 597.496
126.602 603.407
288.791 274.208
310.885 401.321
67.8168 204.248
219.859 421.195
524.715 601.948
28.7098 295.853
183.825 353.512
487.228 388.13
76.393 623.33
664.439 496.414
609.236 242.609
538.789 237.285
431.312 618.824
28.1818 608.282
665.312 133.009
659.982 191.5
466.079 206.065
679.699 462.401
469.643 144.108
282.366 226.475
124.065 268.803
598.567 266.036
713.646 305.92
18.3037 48.9519
334.911 591.727
625.081 182.849
225.67 373.756
480.947 569.344
407.8 440.883
620.778 294.901
657.913 475.316
557.215 339.108
49.6265 437.221
187.888 449.694
666.473 407.106
43.6281 49.3855
43.3293 556.497
360.428 20.2244
257.99 327.587
77.0143 513.668
323.474 608.542
67.0481 475.65
395.966 474.652
468.125 60.8784
319.124 308.62
406.878 211.425
167.662 200.179
631.029 187.316
731.007 74.0421
730.558 576.729
551.17 35.1785
718.019 515.057
678.381 299.536
613.475 176.093
719.178 598.458
59.2723 268.436
654.585 108.278
121.797 275.298
668.316 511.08
384.316 220.464
208.824 49.9551
494.477 325.636
285.287 340.423
587.775 245.534
474.422 507.962
211.775 253.612
622.52 170.378
150.091 492.816
538.24 25.9503
35.2724 455.035
716.054 80.67
98.0709 553.408
214.865 189.557
219.189 129.878
71.7895 522.882
400.621 242.337
656.699 140.232
651.1 180.971
550.603 438.924
488.279 253.119
355.209 606.768
580.616 212.026
159.847 633.401
76.6297 605.059
24.2719 95.751
485.505 5.75897
200.447 505.566
640.965 359.369
65.4435 109.872
560.493 117.76
725.66 197.59
411.847 563.59
386.211 286.069
122.344 176.477
99.8225 529.067
491.838 393.879
572.678 294.328
694.76 634.981
333.16 32.7481
692.612 309.08
145.291 386.134
359.758 298.92
291.692 232.005
23.0501 308.823
390.878 505.537
488.369 332.631
74.6565 144.679
296.897 398.95
493.163 362.783
659.681 513.741
291.865 363.024
310.016 113.685
21.9717 235.527
127.067 307.081
306.165 74.7048
706.563 390.774
527.796 289
59.1946 74.5386
597.044 69.9831
438.624 220.883
659.788 167.944
634.46 636.648
357.208 171.736
457.312 101.371
612.597 333.026
705.356 148.369
66.5113 244.733
299.004 75.4032
550.148 368.718
437.614 106.534
507.751 356.646
569.769 262.262
8.498 545.002
385.035 524.651
705.209 78.162
123.464 548.505
280.65 21.0483
629.441 552.729
219.28 306.752
18.2288 85.3029
733.745 627.213
266.339 57.8292
268.956 489.725
150.739 74.2054
253.415 509.717
205.417 23.8659
262.531 36.0474
326.713 234.009
666.151 616.928
138.571 554.034
65.4058 226.194
534.356 299.196
281.958 373.692
245.915 434.026
48.5488 228.026
595.115 42.2225
249.728 111.001
112.55 449.185
688.797 227.284
599.789 181.168
113.643 62.1296
233.379 325.364
110.392 485.162
641.203 37.2259
533.84 40.0327
677.902 519.18
303.808 415.798
207.302 507.469
174.055 392.303
349.004 191.934
711.36 182.825
266.897 197.568
335.573 328.208
9.77173 252.551
636.737 528.143
496.583 14.4939
676.766 632.753
388.554 46.4491
552.053 257.231
93.7014 306.005
339.53 32.9344
215.138 557.49
513.862 365.563
491.104 596.223
137.656 92.4551
172.52 100.194
314.228 380.313
340.103 563.106
80.8644 302.514
204.171 622.014
221.435 607.377
729.981 142.929
692.716 334.366
215.36 444.045
678.291 267.053
128.662 246.861
342.665 297.236
191.158 106.72
28.2405 591.31
74.4433 142.665
52.3715 213.099
276.913 317.046
680.38 534.621
278.401 23.934
228.891 417.809
8.84596 389.792
445.326 4.45622
610.528 351.315
387.362 80.0996
180.811 288.419
396.95 267.411
613.473 5.14053
647.273 61.6307
126.141 585.446
16.8943 172.803
103.411 58.7064
441.548 328.97
429.865 337.315
259.34 613.903
413.173 422.726
452.838 365.197
200.558 142.897
422.846 67.239
566.206 66.4755
166.975 11.5725
405.86 488.492
318.49 248.175
565.539 201.631
353.965 599.493
171.278 320.746
154.265 237.188
434.125 516.198
649.012 113.205
247.741 151.748
102.256 572.762
658.583 480.82
344.933 108.991
715.259 29.6117
200.227 475.929
107.987 317.569
558.483 444.982
193.126 124.485
63.1803 21.6928
372.737 360.962
712.346 471.193
50.004 115.481
80.7026 419.161
724.424 632.539
610.119 207.193
168.066 617.474
163.079 80.7607
529.47 439.913
215.79 444.011
537.792 359.983
324.195 559.612
45.2198 129.441
421.627 205.612
289.651 419.75
259.011 574.042
163.952 206.491
468.402 184.421
367.968 475.615
692.085 311.651
540.819 493.948
594.556 614.441
544.58 20.7983
65.5343 295.715
527.649 242.954
116.779 288.236
691.342 381.665
241.221 2.48825
585.651 574.441
236.908 123.032
409.655 429.406
67.6891 496.904
729.277 464.309
49.5631 315.868
347.196 6.90742
719.635 134.078
573.852 504.363
126.9 334.277
601.828 165.721
722.481 343.873
467.758 91.7176
724.918 369.612
542.233 201.956
425.663 342.489
158.986 574.201
533.185 492.589
420.49 520.596
404.248 361.503
398.965 392.819
45.0114 10.8284
457.459 26.8899
164.175 258.582
608.839 251.426
679.743 414.415
477.509 580.851
138.142 183.823
39.484 112.396
634.368 503.951
359.198 283.535
239.601 448.75
252.601 33.9618
348.825 583.342
635.661 16.8335
352.859 261.462
468.883 344.215
310.787 167.379
424.517 411.197
487.653 260.358
28.0377 376.82
42.0219 437.77
367.62 155.061
712.814 352.238
305.224 533.027
250.822 575.81
205.213 424.629
444.607 396.298
525.209 51.8996
392.906 371.149
76.5041 10.4846
725.495 472.386
405.636 262.901
733.73 83.8048
41.2449 423.726
393.508 58.721
186.779 376.936
568.829 480.216
609.695 476.084
223.504 157.454
426.826 410.643
109.341 547.674
226.748 479.824
351.854 15.8637
609.38 9.61178
442.826 594.456
20.5261 377.623
493.271 368.796
2.60332 428.607
518.314 36.6222
246.383 154.764
107.131 374.879
609.353 585.834
249.562 421.697
487.604 409.549
663.966 157.03
209.391 34.4149
76.4702 377.465
589.256 370.675
450.095 403.962
435.085 138.341
414.519 394.384
591.242 151.26
143.773 514.488
664.791 573.781
631.693 154.2
103.91 4.45387
606.337 618.245
676.785 106.174
462.311 374.207
590.964 341.093
608.819 57.9154
429.585 593.94
498.494 247.746
375.614 186.709
15.4755 66.9027
371.511 372.126
528.311 199.014
599.784 582.466
86.5977 461.254
596.171 622.614
705.749 606.792
719.115 502.534
675.344 575.356
697.984 350.978
358.289 482.431
61.9314 202.799
619.304 425.579
182.397 333.727
40.3562 483.354
596.388 47.0341
630.711 203.486
479.826 369.543
460.651 300.547
361.105 474.003
142.186 194.256
527.54 99.2552
187.357 445.684
690.021 112.084
440.555 568.497
530.355 56.6019
474.954 513.134
295.952 313.274
345.803 414.139
10.057 334.04
298.361 525.436
435.991 169.751
104.344 158.234
618.093 489.422
525.427 213.303
374.244 578.582
466.474 146.042
45.5484 566.608
678.439 637.626
46.5321 334.765
653.575 499.755
447.838 343.05
431.174 8.76804
20.7882 37.6027
484.139 25.3245
425.136 42.401
631.29 110.716
241.571 637.682
306.943 109.446
562.629 85.7315
368.862 176.529
29.9834 88.3087
368.657 64.1506
19.1677 272.297
73.1014 55.608
696.09 629.899
636.587 356.43
385.206 290.252
417.718 351.274
374.738 146.105
430.84 57.4966
214.356 285.359
191 394.658
327.764 431.163
577.591 136.145
592.313 184.852
357.267 539.208
311.789 629.246
691.828 286.077
303.02 27.1354
390.657 230.605
21.6061 255.048
673.039 351.985
625.005 310.232
74.8068 231.154
522.614 437.857
329.616 2.84316
97.7764 450.863
454.897 368.257
280.559 259.604
577.934 120.921
508.941 175.077
25.1674 75.618
191.126 621.488
413.687 427.865
11.9248 61.3807
23.2569 27.658
361.588 603.503
434.343 219.728
317.054 440.901
516.336 92.0722
276.796 97.5324
106.638 323.973
628.569 486.416
62.1136 152.422
124.024 554.632
311.998 548.478
105.249 291.472
715.695 256.031
316.161 343.791
52.5211 283.583
463.726 64.3645
355.617 79.6004
34.0743 48.8833
341.907 303.603
561.11 108.211
452.796 90.5417
234.195 484.591
474.479 112.139
382.97 464.745
301.891 439.028
438.641 531.904
401.959 471.085
213.055 333.601
102.266 458.335
45.0366 133.011
119.302 440.564
224.565 411.159
596.076 223.244
526.879 177.493
603.767 307.826
326.225 280.522
455.895 485.447
145.998 170.883
685.184 458.12
728.967 220.147
297.963 377.004
130.963 606.654
241.499 297.425
347.577 297.205
135.234 339.648
492.551 219.679
163.376 621.593
723.454 22.3763
237.755 448.88
227.435 93.6833
136.322 479.573
428.086 513.074
376.08 497.319
52.5913 284.606
365.052 41.5838
578.338 574.587
479.167 614.803
624.937 624.677
315.319 207.496
326.43 389.989
627.127 74.0987
699.089 49.3552
66.0974 598.505
79.9551 262.528
470.877 265.601
407.375 526.09
123.05 88.4164
461.415 432.195
671.544 445.12
90.3939 263.174
557.565 579.554
229.611 263.292
640.034 105.001
287.398 192.585
357.063 531.851
667.906 217.641
694.81 550.242
304.693 23.6407
587.539 332.727
326.76 282.132
686.038 636.379
195.614 65.5027
99.5949 569.386
570.218 32.5306
433.035 572.499
337.735 223.21
591.344 491.465
557.332 432.41
683.895 96.4706
716.73 266.964
720.559 565.57
555.148 592.271
549.632 109.6
706.276 350.559
506.49 260.08
725.587 398.656
297.17 162.912
531.616 343.255
108.229 319.856
429.904 468.804
292.446 29.4895
61.8649 130.407
596.985 536.516
645.167 475.421
725.928 545.813
119.839 619.308
544.534 584.988
659.855 313.194
64.8283 549.49
29.3377 494.916
197.166 18.4425
293.847 428.029
206.125 79.73
153.1 271.652
457.297 505.069
117.619 13.9405
612.643 154.47
163.533 413.513
60.6812 65.1652
288.509 45.9716
700.597 353.318
31.0952 444.36
345.334 598.858
137.298 354.895
587.08 143.306
243.481 43.9187
183.56 465.383
540.582 337.103
624.79 601.232
698.039 302.698
538.686 71.2112
361.83 362.859
257.142 454.987
158.957 274.666
596.062 387.306
366.432 489.13
117.813 343.917
339.79 400.931
350.477 413.044
135.309 177.124
637.724 327.637
251.804 76.0991
178.117 50.9904
472.969 60.1321
16.0671 379.958
414.994 480.523
516.666 37.4696
236.082 34.8499
564.186 341.755
353.632 370.609
104.504 624.154
254.907 191.685
379.591 515.229
679.464 632.846
333.785 70.442
197.626 206.623
455.562 389.013
322.793 549.098
503.815 53.9241
698.586 450.225
496.77 330.061
336.635 243.051
420.403 496.131
317.244 217.987
229.755 581.417
674.836 288.947
652.94 170.334
550.577 259.642
54.4402 431.249
292.6 335.835
574.814 424.459
621.735 257.77
201.656 183.18
194.055 611.474
270.289 138.098
487.352 28.9859
536.221 78.4477
310.495 193.69
658.704 543.938
471.213 134.465
560.616 358.272
484.719 416.926
605.792 262.044
44.0876 572.169
63.3372 291.056
310.458 552.984
88.9137 172.463
198.527 250.986
406.721 339.621
258.04 586.746
547.224 10.1602
706.069 303.878
99.3789 245.769
570.069 21.1865
174.304 267.244
176.542 637.062
717.33 573.063
478.477 512.123
226.557 452.556
513.355 250.4
121.252 78.297
190.045 181.127
286.006 336.137
494.735 600.402
43.1554 16.5746
631.737 511.477
28.1664 524.881
203.824 109.343
152.371 34.9233
147.628 282.357
345.174 280.18
323.595 285.684
247.43 59.4068
183.627 410.35
586.636 604.1
25.8815 613.575
50.7964 186.133
180.054 291.156
598.499 584.816
291.53 556.028
689.563 164.707
494.034 622.125
59.0725 604.861
107.275 182.237
733.751 219.997
532.118 299.952
573.072 106.013
671.43 75.42
187.785 105.443
556.49 35.3827
82.0403 504.519
12.3096 113.94
60.298 165.66
463.639 570.922
129.151 18.6551
562.452 73.8665
208.436 280.456
66.4436 230.95
284.345 149.46
472.951 247.1
422.621 235.781
627.022 227.634
390.783 490.688
346.195 501.215
683.509 146.824
614.99 27.6743
15.0556 543.555
160.386 63.9957
81.6622 540.711
728.151 181.691
641.195 483.869
291.528 100.728
145.09 309.549
379.138 371.64
525.69 102.865
709.532 186.466
387.159 523.792
474.003 38.4407
433.005 75.1552
618.509 332.611
252.882 434.253
412.064 231.323
390.798 495.899
337.291 409.023
458.476 288.237
677.274 317.976
154.045 204.27
479.301 258.429
588.773 108.382
722.571 330.828
240.529 606.81
592.773 543.892
566.655 289.395
667.629 231.082
416.973 479.988
646.175 580.53
317.636 281.978
199.793 614.049
160.689 465.171
442.894 536.488
132.526 335.785
248.836 247.513
618.969 631.168
579.707 411.875
116.576 494.011
120.205 308.796
532.379 617.997
246.792 317.424
309.754 157.022
628.695 629.943
730.559 470.199
658.582 273.251
131.109 108.326
286.629 252.055
657.459 632.373
172.964 48.9044
379.691 365.007
338.555 230.213
411.937 160.359
4.4024 457.725
18.5394 106.79
147.619 477.192
99.5857 341.21
179.954 354.18
570.832 65.1214
398.067 493.241
613.52 280.596
147.586 9.49724
445.024 375.793
298.428 320.419
425.738 408.094
422.466 62.3232
155.191 23.7403
334.089 491.276
209.284 292.623
357.642 196.469
457.099 437.521
40.7422 482.201
161.672 190.277
228.024 634.962
291.345 542.505
563.894 148.718
212.739 616.696
179.494 570.023
407.695 413.767
290.245 86.6544
211.312 617.766
168.861 316.962
3.73318 435.514
195.632 183.605
103.441 479.238
434.84 485.55
320.535 411.736
379.224 417.491
690.279 526.133
476.71 215.411
495.338 266.656
416.488 613.739
282.084 516.345
627.84 597.84
335.903 160.205
53.2108 473.974
160.796 191.472
175.719 141.477
719.021 321.174
371.547 77.1227
186.626 63.1561
645.001 439.172
543.97 252.425
251.366 434.904
161.472 631.115
13.8722 569.196
298.68 372.444
626.888 503.123
288.342 452.698
532.542 540.902
702.813 507.458
433.461 112.874
69.8249 527.812
290.139 47.9156
242.531 573.432
141.308 371.398
730.073 45.7116
198.317 469.48
340.534 389.233
306.291 434.694
439.759 276.7
420.817 4.11929
12.5242 272.825
581.203 259.933
100.432 330.205
187.112 60.4258
229.498 537.71
196.854 258.592
491.752 421.65
350.17 636.508
410.678 425.546
425.44 353.669
539.787 540.477
212.794 127.394
335.44 449.533
644.328 36.0585
101.249 287.979
43.6386 97.3768
642.85 541.42
408.64 8.32691
268.587 516.145
76.5267 431.287
478.324 236.052
59.4086 205.378
22.3736 354.388
234.36 374.783
163.056 571.793
103.803 609.192
545.557 273.601
113.165 127.981
97.683 20.6747
186.196 171.367
352.639 198.217
306.706 227.457
116.676 620.054
268.771 333.262
573.097 298.537
145.349 276.054
612.678 176.428
551.497 550.291
608.335 45.3182
330.104 32.7497
707.656 375.526
4.23449 451.382
12.5045 100.527
664.21 94.2613
136.893 101.402
303.12 423.856
342.241 528.373
15.0208 397.256
587.171 245.098
106.181 370.626
623.089 217.066
9.68889 436.224
450.286 486.113
400.819 282.311
609.043 633.588
360.013 506.542
426.83 315.002
367.913 380.241
475.647 259.287
543.522 530.732
412.529 98.1311
364.072 18.308
718.467 327.901
475.687 496.931
656.885 504.082
263.905 474.633
95.3969 236.237
313.741 472.643
96.7803 619.371
134.305 611.781
707.482 428.014
552.523 348.074
120.566 162.247
103.646 516.545
482.558 560.818
470.753 140.223
23.8088 87.8642
179.856 7.45246
475.918 568.095
577.913 346.763
499.411 93.9403
210.776 515.325
377.412 454.252
402.491 410.528
501.076 464.921
442.016 412.583
293.114 226.632
140.87 357.951
444.974 210.972
271.892 168.413
153.683 7.77336
352.618 152.739
107.47 461.166
181.767 505.402
450.018 22.5744
246.19 187.438
131.498 395.561
74.2358 440.692
243.483 412.73
245.102 9.43649
275.523 595.529
483.117 492.586
211.657 540.677
244.316 569.04
130.503 447.033
114.162 245.44
520.853 404.088
455.677 544.444
261.255 552.369
473.71 616.516
659.124 624.012
190.701 49.4585
438.866 228.716
561.532 591.385
3.6636 63.371
688.908 241.096
23.7527 380.842
109.823 203.06
326.012 306.219
154.04 395.169
132.347 231.553
2.70031 566.059
728.983 396.787
543.523 222.895
357.821 246.35
231.511 246.1
267.134 365.365
337.568 611.935
681.149 143.71
650.349 593.526
235.734 526.142
225.999 223.98
309.283 290.304
488.896 550.503
683.961 557.141
353.81 71.7757
173.138 308.28
731.508 146.334
76.8879 470.339
422.359 376.223
90.2647 566.641
713.655 309.051
338.082 275.882
325.399 248.086
480.322 210.306
234.044 620.672
113.006 398.234
237.543 365.431
57.8652 629.693
319.584 7.0619
631.375 583.605
88.1339 61.5273
291.905 74.6727
236.633 318.951
624.673 571.091
65.5022 619.7
574.861 39.4971
334.337 155.738
360.379 571.737
462.175 92.9699
165.484 603.436
86.7574 240.491
418.262 280.294
694.778 412.209
312.739 243.856
479.954 182.821
217.756 492.109
278.627 441.345
649.73 446.209
140.454 469.793
436.251 177.47
519.341 241.032
247.113 104.245
454.056 526.346
43.4135 158.594
710.194 180.025
142.45 54.9577
481.386 485.701
383.252 384.438
298.84 603.238
720.526 39.1812
170.105 177.754
608.881 388.406
709.944 456.072
225.992 101.395
331.014 573.916
318.355 101.358
203.356 489.833
234.033 569.719
434.961 239.585
103.643 357.495
480.344 212.343
472.106 198.126
68.8048 105.704
667.894 317.954
81.349 568.857
408.438 217.001
124.704 246.425
694.186 87.7102
73.9299 162.023
215.046 350.361
112.421 461.971
517.299 272.888
360.869 15.3213
235.189 53.9832
290.779 292.919
470.985 32.5163
578.924 181.931
262.853 561.305
328.449 171.206
277.374 354.578
117.168 594.394
655.252 208.675
233.131 534.987
338.519 265.315
67.6161 479.491
706.005 154.95
348.966 425.395
489.814 615.266
504.636 628.445
35.6641 53.6223
325.834 438.728
96.5368 148.626
711.739 310.781
82.487 266.295
552.137 311.19
711.986 580.051
307.672 550.453
173.176 468.403
514.676 443.112
109.864 504.451
327.26 71.3943
24.3297 586.065
569.172 445.24
648.06 295.505
501.146 592.58
399.222 81.0486
452.373 429.266
261.739 373.966
117.149 297.606
2.30056 580.035
698.086 619.134
600.59 236.38
611.525 34.8128
76.5619 341.027
547.461 160.501
238.494 122.528
264.295 226.88
80.9464 86.685
38.9674 631.924
437.276 467.804
674.731 89.318
629.094 341.811
594.257 136.527
89.2157 616.631
497.058 78.0387
642.691 400.929
67.803 442.752
730.903 588.76
547.047 64.0926
335.529 313.49
255.891 497.266
499.228 450.49
98.847 502.611
615.654 118.265
571.181 277.365
671.928 445.038
419.428 492.921
171.015 243.268
721.855 224.627
255.091 421.58
345.747 142.565
212.058 357.838
671.064 181.818
354.878 420.883
280.426 598.386
110.617 464.505
526.43 528.39
318.504 541.798
452.02 174.17
25.0917 251.535
517.088 604.132
67.1122 176.218
528.042 205.422
480.201 448.5
492.358 637.385
266.81 90.7141
163.075 414.59
513.655 87.2677
683.829 117.151
582.248 200.32
88.9397 600.523
30.5717 533.19
564.711 301.82
502.647 245.914
545.233 457.052
569.932 285.524
486.759 552.022
528.836 244.237
137.171 239.229
62.6973 545.492
274.329 284.818
729.634 378.564
70.3751 442.759
533.542 17.8164
641.821 331.982
248.458 633.448
338.656 240.961
608.131 147.418
622.106 327.627
450.098 376.77
168.517 248.78
27.6591 567.863
187.074 482.037
200.076 280.246
95.5319 226.836
215.774 319.879
586.281 183.945
69.2643 569.062
718.697 522.274
672.86 544.614
248.596 163.014
621.279 508.76
462.349 430.701
20.6199 304.755
138.189 407.509
49.7928 265.007
20.7484 65.8188
223.982 179.091
627.947 366.969
526.067 627.121
680.832 7.07535
355.34 463.459
217.249 367.443
453.77 175.724
289.41 341.4
94.4646 465.973
