617.017 252.828
575.229 509.808
669.326 127.643
247.383 490.594
205.331 354.325
351.455 401.962
269.022 328.523
699.032 584.7
467.341 458.201
105.653 388.032
13.932 156.476
102.454 513.456
116.689 257.001
97.0066 71.2024
733.213 140.811
377.467 535.675
450.452 190.276
468.688 335.447
363.303 620.685
216.122 492.583
387.577 491.665
294.967 569.013
209.386 226.164
593.254 586.501
53.0609 605.772
387.029 56.7315
142.701 423.812
653.65 223.896
48.9734 14.7347
337.038 42.129
176.421 619.323
662.416 543.185
197.199 345.288
276.652 485.518
377.176 426.672
391.136 26.9823
322.351 594.647
683.353 460.526
210.103 471.708
470.464 227.175
505.515 107.56
324.157 561.728
608.975 212.094
169.605 570.185
258.464 438.722
702.135 376.375
483.147 548.118
323.758 589.645
293.656 520.192
502.848 581.378
355.183 139.265
697.585 587.202
110.087 562.356
471.271 276.722
455.545 180.754
577.354 197.543
329.229 145.804
139.274 177.685
409.317 266.895
126.152 578.727
77.5213 82.1839
364.665 485.662
722.838 596.663
503.014 245.708
550.832 236.47
217.325 149.718
429.846 157.446
113.549 467.646
93.8476 506.647
122.123 475.865
56.5558 606.266
40.4514 333.714
130.986 154.68
585.988 467.968
482.605 617.27
470.084 485.191
70.4277 87.7979
382.794 51.7556
53.1715 132.161
339.76 523.315
421.669 482.549
40.0192 102.365
733.995 131.953
653.448 81.798
732.389 36.3806
639.235 48.0011
5.0463 589.072
436.729 116.717
121.412 251.115
670.336 523.326
264.858 353.38
426.143 289.838
505.168 65.3711
390.551 483.639
224.744 633.057
424.343 560.162
549.396 401.987
27.9281 477.603
611.931 590.539
641.235 530.54
718.946 475.064
663.264 627.567
490.156 318.256
122.025 529.888
652.71 50.9686
477.586 159.756
462.779 147.731
514.854 203.527
242.665 149.188
56.2858 404.634
165.716 416.12
375.822 619.852
206.991 349.324
528.505 74.0464
347.126 378.855
693.241 288.784
248.209 541.127
320.064 4.05521
254.498 382.634
611.934 150.755
496.448 309.156
354.777 195.952
523.248 118.105
457.174 27.9897
305.036 444.646
495.322 407.539
256.089 119.42
447.865 400.872
536.894 210.846
544.001 130.607
676.109 437.505
480.091 165.621
391.747 57.7413
192.684 560.016
504.243 61.6188
83.4538 231.978
424.137 379.282
489.919 185.663
569.862 185.409
243.298 122.682
722.554 4.27597
607.65 212.821
139.763 279.612
703.722 586.44
561.886 446.612
90.6768 438.16
282.965 494.438
692.314 584.75
632.923 131.457
582.957 350.555
219.615 577.537
667.859 557.851
366.641 368.463
121.138 176.208
634.872 315.166
341.401 541.927
365.055 187.11
134.068 437.137
534.567 90.441
443.476 315.18
615.514 462.624
132.448 143.17
366.921 79.1206
103.191 231.241
239.759 594.685
667.011 397.653
614.558 522.329
365.126 215.042
290.647 421.017
447.702 166.664
112.7 48.1386
80.9449 413.624
268.154 185.339
244.574 59.9705
314.804 596.339
429.173 170.833
484.203 486.491
358.796 102.025
648.383 399.923
380.967 134.189
410.134 273.063
609.515 252.831
180.847 209.345
535.892 408.184
722.906 217.123
659.014 88.5435
302.697 5.43984
575.362 494.51
216.972 74.9287
635.571 460.56
37.9869 287.631
724.094 452.23
156.366 303.397
635.313 61.7328
74.8774 245.522
222.891 419.928
594.258 85.7626
39.7041 35.9766
337.048 498.632
508.6 283.468
89.1895 377.009
425.561 339.016
437.573 232.179
224.737 567.228
350.86 110.006
448.322 336.375
455.053 381.181
173.036 529.758
53.306 64.8606
678.169 109.897
354.629 145.412
607.195 186.967
263.465 560.585
253.992 520.282
484.495 25.1042
190.467 496.972
460.206 533.762
227.571 142.562
146.951 391.513
82.3243 431.049
574.616 459.578
148.658 257.155
233.062 278.029
171.089 247.336
392.043 100.404
408.551 11.2725
280.317 245.058
225.559 470.991
192.646 415.183
406.296 586.86
504.142 517.023
512.825 200.401
474.791 5.81904
392.127 538.727
454.703 410.752
381.553 256.851
267.097 459.2
588.988 433.089
113.905 22.9197
48.5264 438.119
139.335 395.658
514.62 363.141
2.82385 5.63101
225.435 168.359
481.729 547.405
134.61 219.101
490.493 561.05
480.219 201.214
649.83 120.464
117.026 322.201
608.797 431.716
663.852 123.547
290.79 451.058
638.052 350.145
542.918 595.06
172.643 591.302
405.656 595.655
363.906 353.434
689.443 510.575
597.95 380.1
483.071 635.011
687.043 208.408
641.994 376.704
468.848 484.93
569.609 507.563
194.358 386.385
346.453 108.183
584.299 552.194
641.052 424.568
303.937 391.22
438.93 412.603
396.223 96.3455
425.844 22.9647
515.066 331.544
611.47 329.571
84.4583 313.519
375.575 32.8458
598.105 246.643
468.764 289.55
107.395 264.718
182.828 260.704
14.7782 458.392
421.964 519.034
428.523 286.128
351.429 634.925
44.9854 49.2296
471.041 381.87
164.945 141.785
463.338 589.354
542.171 296.374
323.027 542.973
699.349 605.507
660.131 489.821
246.173 343.368
162.408 305.723
697.268 298.483
649.321 617.188
136.516 293.313
573.124 489.461
664.3 165.824
559.5 614.789
244.911 257.913
412.494 354.629
457.426 123.494
351.867 231.027
480.64 584.908
156.226 387.761
635.497 71.8186
275.443 128.566
475.253 378.952
497.238 381.273
45.0859 358.714
414.568 156.31
15.8427 220.683
8.64175 589.468
442.244 492.156
651.428 595.561
128.683 286.916
359.012 507.767
469.755 616.173
115.706 188.277
647.774 234.794
660.384 477.498
350.29 175.62
694.941 79.7992
635.677 398.352
528.064 590.007
136.736 181.532
124.365 131.093
460.324 114.088
94.7219 146.723
695.149 10.8189
119.723 78.3132
340.073 414.475
671.941 66.145
451.614 46.8742
290.222 317.73
321.58 188.461
180.658 582.28
416.432 123.291
27.4124 276.652
597.777 481.151
262.872 636.709
28.1078 334.977
149.093 422.899
514.244 210.364
652.999 413.309
251.965 33.9068
563.225 512.918
513.458 435.702
663.865 201.03
552.814 191.486
594.459 122.244
434.693 35.9875
76.2644 102.027
180.717 88.6044
433.235 38.9213
653.153 603.339
43.0082 590.44
345.345 165.432
431.692 109.38
429.916 304.962
598.982 590.979
387.415 372.311
535.919 145.25
195.374 404.96
395.944 12.5898
683.871 223.039
152.583 334.392
295.521 197.359
499.69 412.305
326.524 173.098
516.732 213.719
159.032 484.857
190.938 436.753
13.8419 539.498
625.965 384.085
237.322 426.823
387.64 541.328
185.154 164.961
55.6085 329.147
653.343 390.857
390.716 524.366
703.956 470.571
253.778 230.923
34.146 17.177
5.71578 311.894
216.392 452.455
602.347 324.712
344.189 51.772
141.8 309.6
677.915 29.599
63.7888 157.73
522.712 390.749
69.9723 613.555
636.987 107.636
350.393 483.631
571.134 6.43935
425.544 470.39
546.408 588.756
72.5678 502.941
694.791 66.5415
203.224 154.208
594.732 62.4472
548.607 178.308
128.856 598.386
558.951 63.4894
720.171 539.594
252.007 442.407
336.168 278.277
480.749 208.053
441.56 84.6647
61.486 242.406
102.252 421.682
85.784 562.114
428.353 136.109
491.214 338.371
230.635 601.889
564.327 79.6469
30.0099 329.499
294.288 136.556
333.34 103.863
227.637 277.87
5.97834 415.264
94.3944 295.8
63.6232 498.239
577.302 437.454
668.286 553.538
47.8773 32.0081
387.819 114.657
681.198 71.6576
286.013 381.178
469.316 447.416
396.851 260.607
604.016 369.403
676.575 143.018
579.726 239.992
281.542 64.004
593.426 248.337
549.007 596.139
623.667 530.81
524.964 405.99
379.813 399.283
369.758 370.125
493.787 20.7469
555.352 383.413
103.749 93.5469
