0.0000 317.8050 373.3631 291.5476 338.3785 373.6308 294.1088 291.2044 234.0940 263.0589 301.4963 196.4688 300.6659 310.1612 270.0000 350.1428 294.2788 333.7664
317.8050 0.0000 60.0000 28.2843 36.0555 76.1577 41.2311 50.9902 86.0233 94.8683 100.4988 128.0625 150.3330 121.6553 131.5295 152.3155 180.0000 184.3909
373.3631 60.0000 0.0000 82.4621 36.0555 31.6228 80.6226 86.0233 139.2839 127.2792 111.8034 178.8854 158.1139 126.4911 152.6434 140.0000 189.7367 181.1077
291.5476 28.2843 82.4621 0.0000 50.0000 90.5539 22.3607 31.6228 58.3095 70.7107 85.4400 100.0000 133.4166 107.7033 110.0000 144.2221 161.2452 170.8801
338.3785 36.0555 36.0555 50.0000 0.0000 41.2311 44.7214 50.0000 104.4031 92.1954 82.4621 143.1782 131.5295 100.4988 120.8305 123.6932 162.7882 160.3122
373.6308 76.1577 31.6228 90.5539 41.2311 0.0000 80.6226 82.4621 141.4214 116.6190 92.1954 177.2005 134.1641 102.9563 134.5362 110.4536 165.5295 152.9706
294.1088 41.2311 80.6226 22.3607 44.7214 80.6226 0.0000 10.0000 60.8276 53.8516 63.2456 98.4886 111.8034 85.4400 90.5539 122.0656 140.3567 148.6607
291.2044 50.9902 86.0233 31.6228 50.0000 82.4621 10.0000 0.0000 60.0000 44.7214 53.8516 94.8683 101.9804 76.1577 80.6226 114.0175 130.3840 139.2839
234.0940 86.0233 139.2839 58.3095 104.4031 141.4214 60.8276 60.0000 0.0000 56.5685 94.3398 42.4264 128.0625 114.0175 94.3398 158.1139 147.6482 170.2939
263.0589 94.8683 127.2792 70.7107 92.1954 116.6190 53.8516 44.7214 56.5685 0.0000 41.2311 70.7107 72.1110 58.3095 41.2311 102.9563 94.8683 114.0175
301.4963 100.4988 111.8034 85.4400 82.4621 92.1954 63.2456 53.8516 94.3398 41.2311 0.0000 111.8034 50.0000 22.3607 42.4264 64.0312 80.6226 85.4400
196.4688 128.0625 178.8854 100.0000 143.1782 177.2005 98.4886 94.8683 42.4264 70.7107 111.8034 0.0000 130.3840 126.4911 94.3398 170.8801 141.4214 172.0465
300.6659 150.3330 158.1139 133.4166 131.5295 134.1641 111.8034 101.9804 128.0625 72.1110 50.0000 130.3840 0.0000 31.6228 36.0555 50.9902 31.6228 42.4264
310.1612 121.6553 126.4911 107.7033 100.4988 102.9563 85.4400 76.1577 114.0175 58.3095 22.3607 126.4911 31.6228 0.0000 41.2311 44.7214 63.2456 63.2456
270.0000 131.5295 152.6434 110.0000 120.8305 134.5362 90.5539 80.6226 94.3398 41.2311 42.4264 94.3398 36.0555 41.2311 0.0000 80.6226 53.8516 78.1025
350.1428 152.3155 140.0000 144.2221 123.6932 110.4536 122.0656 114.0175 158.1139 102.9563 64.0312 170.8801 50.9902 44.7214 80.6226 0.0000 72.1110 44.7214
294.2788 180.0000 189.7367 161.2452 162.7882 165.5295 140.3567 130.3840 147.6482 94.8683 80.6226 141.4214 31.6228 63.2456 53.8516 72.1110 0.0000 40.0000
333.7664 184.3909 181.1077 170.8801 160.3122 152.9706 148.6607 139.2839 170.2939 114.0175 85.4400 172.0465 42.4264 63.2456 78.1025 44.7214 40.0000 0.0000
