0.9 6.8 -0.49180917598869855
2.7 7.7 -0.49180917598869855
4.8 7.7 -0.49180917598869855
8.6 7.4 -0.49180917598869855
10.5 7.5 -0.49180917598869855
12.3 9.2 -0.49180917598869855
12.6 12.1 -0.49180917598869855
12.8 14.9 -0.49180917598869855
12.8 17.8 -0.49180917598869855
10.4 19.6 -0.49180917598869855
7.8 19.6 -0.49180917598869855
4.7 19.6 -0.49180917598869855
4.3 19.4 -0.49180917598869855
1.5 19.5 -0.49180917598869855
1.0 18.2 -0.49180917598869855
0.4 15.8 -0.49180917598869855
0.0 12.6 -0.49180917598869855
