[11.1, 1.5999999999999996]
[6.1, 7.6]
[16.1, 6.6]
[6.1, 1.5999999999999996]
[0.09999999999999964, 2.5999999999999996]
[10.1, 4.6]
[14.1, 1.5999999999999996]
[10.1, 2.5999999999999996]
[4.1, 6.6]
[12.1, 6.6]
[14.1, 1.5999999999999996]
[0.09999999999999964, 5.6]
[4.1, 4.6]
[7.1, 5.6]
[6.1, 6.6]
[9.1, 4.6]
[1.0999999999999996, 6.6]
[5.1, 7.6]
[1.0999999999999996, 1.5999999999999996]
[12.1, 6.6]
[14.1, 2.5999999999999996]
[12.1, 4.6]
[1.0999999999999996, 6.6]
[10.1, 6.6]
[13.1, 2.5999999999999996]
[13.1, 5.6]
[3.0999999999999996, 7.6]
[15.1, 7.6]
[5.1, 2.5999999999999996]
[0.09999999999999964, 5.6]
[10.1, 5.6]
[3.0999999999999996, 1.5999999999999996]
[1.0999999999999996, 1.5999999999999996]
[12.1, 3.5999999999999996]
[5.1, 6.6]
[16.1, 6.6]
[5.1, 2.5999999999999996]
[9.1, 1.5999999999999996]
[11.1, 4.6]
[8.1, 7.6]
[8.1, 4.6]
[5.1, 4.6]
[3.0999999999999996, 7.6]
[3.0999999999999996, 1.5999999999999996]
[0.09999999999999964, 3.5999999999999996]
[14.1, 2.5999999999999996]
[15.1, 4.6]
[3.0999999999999996, 7.6]
[3.0999999999999996, 7.6]
[10.1, 4.6]
[16.1, 2.5999999999999996]
[1.0999999999999996, 7.6]
[1.0999999999999996, 4.6]
[16.1, 1.5999999999999996]
[0.09999999999999964, 2.5999999999999996]
[12.1, 3.5999999999999996]
[4.1, 3.5999999999999996]
[16.1, 7.6]
[12.1, 1.5999999999999996]
[15.1, 4.6]
[9.1, 4.6]
[3.0999999999999996, 4.6]
[10.1, 5.6]
[16.1, 2.5999999999999996]
[0.09999999999999964, 3.5999999999999996]
[7.1, 4.6]
[14.1, 6.6]
[12.1, 1.5999999999999996]
[9.1, 1.5999999999999996]
[5.1, 4.6]
[0.09999999999999964, 3.5999999999999996]
[16.1, 1.5999999999999996]
[3.0999999999999996, 1.5999999999999996]
[3.0999999999999996, 7.6]
[6.1, 7.6]
[14.1, 2.5999999999999996]
[7.1, 5.6]
[1.0999999999999996, 2.5999999999999996]
[1.0999999999999996, 7.6]
[16.1, 7.6]
[9.1, 4.6]
[16.1, 6.6]
[16.1, 6.6]
[1.0999999999999996, 1.5999999999999996]
[16.1, 8.6]
[14.1, 4.6]
[1.0999999999999996, 7.6]
[14.1, 2.5999999999999996]
[7.1, 4.6]
[10.1, 4.6]
[7.1, 5.6]
[10.1, 1.5999999999999996]
[4.1, 2.5999999999999996]
[1.0999999999999996, 4.6]
[6.1, 4.6]
[7.1, 5.6]
[10.1, 5.6]
[5.1, 7.6]
[9.1, 4.6]
[16.1, 6.6]
[14.1, 5.6]
[12.1, 2.5999999999999996]
[7.1, 4.6]
[1.0999999999999996, 4.6]
[2.0999999999999996, 4.6]
[11.1, 7.6]
[3.0999999999999996, 3.5999999999999996]
[6.1, 1.5999999999999996]
[7.1, 2.5999999999999996]
[14.1, 5.6]
[0.09999999999999964, 5.6]
[6.1, 2.5999999999999996]
[11.1, 7.6]
[12.1, 7.6]
[1.0999999999999996, 1.5999999999999996]
[0.09999999999999964, 5.6]
[10.1, 4.6]
[16.1, 4.6]
[12.1, 4.6]
[16.1, 8.6]
[1.0999999999999996, 7.6]
[1.0999999999999996, 1.5999999999999996]
[12.1, 6.6]
[10.1, 5.6]
[10.1, 4.6]
[3.0999999999999996, 5.6]
[14.1, 1.5999999999999996]
[10.1, 3.5999999999999996]
[12.1, 1.5999999999999996]
[7.1, 3.5999999999999996]
[0.09999999999999964, 7.6]
[7.1, 5.6]
[3.0999999999999996, 3.5999999999999996]
[1.0999999999999996, 1.5999999999999996]
[12.1, 1.5999999999999996]
[15.1, 3.5999999999999996]
[5.1, 4.6]
[16.1, 6.6]
[0.09999999999999964, 2.5999999999999996]
[1.0999999999999996, 7.6]
[16.1, 6.6]
[9.1, 3.5999999999999996]
[12.1, 4.6]
[9.1, 1.5999999999999996]
[16.1, 6.6]
[10.1, 4.6]
[14.1, 2.5999999999999996]
[8.1, 5.6]
[5.1, 2.5999999999999996]
[10.1, 4.6]
[12.1, 1.5999999999999996]
[10.1, 4.6]
[4.1, 3.5999999999999996]
[1.0999999999999996, 4.6]
[3.0999999999999996, 4.6]
[10.1, 5.6]
[16.1, 6.6]
[1.0999999999999996, 2.5999999999999996]
[12.1, 3.5999999999999996]
[3.0999999999999996, 4.6]
[5.1, 1.5999999999999996]
[4.1, 3.5999999999999996]
[12.1, 2.5999999999999996]
[12.1, 3.5999999999999996]
[14.1, 2.5999999999999996]
[12.1, 4.6]
[8.1, 4.6]
[3.0999999999999996, 4.6]
[4.1, 3.5999999999999996]
[14.1, 1.5999999999999996]
[3.0999999999999996, 4.6]
[16.1, 7.6]
[10.1, 2.5999999999999996]
[0.09999999999999964, 3.5999999999999996]
[12.1, 4.6]
[15.1, 7.6]
[15.1, 4.6]
[7.1, 2.5999999999999996]
[16.1, 2.5999999999999996]
[16.1, 6.6]
[6.1, 2.5999999999999996]
[10.1, 5.6]
[12.1, 4.6]
[10.1, 1.5999999999999996]
[11.1, 7.6]
[15.1, 7.6]
[14.1, 4.6]
[10.1, 3.5999999999999996]
[16.1, 6.6]
[11.1, 7.6]
[3.0999999999999996, 4.6]
[3.0999999999999996, 3.5999999999999996]
[15.1, 1.5999999999999996]
[15.1, 3.5999999999999996]
[14.1, 5.6]
[12.1, 7.6]
[14.1, 1.5999999999999996]
[12.1, 6.6]
[1.0999999999999996, 5.6]
[0.09999999999999964, 3.5999999999999996]
[3.0999999999999996, 2.5999999999999996]
[1.0999999999999996, 4.6]
[3.0999999999999996, 5.6]
[12.1, 1.5999999999999996]
[3.0999999999999996, 2.5999999999999996]
[12.1, 6.6]
[16.1, 7.6]
[9.1, 3.5999999999999996]
[12.1, 6.6]
[10.1, 3.5999999999999996]
[11.1, 7.6]
[9.1, 1.5999999999999996]
[10.1, 5.6]
[0.09999999999999964, 4.6]
[9.1, 1.5999999999999996]
[10.1, 4.6]
[14.1, 2.5999999999999996]
[12.1, 7.6]
[12.1, 4.6]
[10.1, 4.6]
[16.1, 6.6]
[14.1, 1.5999999999999996]
[12.1, 7.6]
[14.1, 2.5999999999999996]
[14.1, 8.6]
[2.0999999999999996, 4.6]
[16.1, 6.6]
[5.1, 1.5999999999999996]
[11.1, 6.6]
[9.1, 1.5999999999999996]
[1.0999999999999996, 5.6]
[7.1, 2.5999999999999996]
[1.0999999999999996, 1.5999999999999996]
[10.1, 1.5999999999999996]
[10.1, 2.5999999999999996]
[1.0999999999999996, 2.5999999999999996]
[6.1, 4.6]
[14.1, 5.6]
[4.1, 1.5999999999999996]
[14.1, 2.5999999999999996]
[0.09999999999999964, 3.5999999999999996]
[1.0999999999999996, 7.6]
[11.1, 7.6]
[1.0999999999999996, 4.6]
[14.1, 1.5999999999999996]
[6.1, 2.5999999999999996]
[16.1, 1.5999999999999996]
[10.1, 4.6]
[7.1, 2.5999999999999996]
[9.1, 3.5999999999999996]
[0.09999999999999964, 4.6]
[12.1, 4.6]
[0.09999999999999964, 5.6]
[3.0999999999999996, 4.6]
[7.1, 4.6]
[14.1, 1.5999999999999996]
[4.1, 4.6]
[14.1, 3.5999999999999996]
[7.1, 4.6]
[1.0999999999999996, 7.6]
[16.1, 7.6]
[7.1, 2.5999999999999996]
[3.0999999999999996, 1.5999999999999996]
[16.1, 2.5999999999999996]
[10.1, 4.6]
[1.0999999999999996, 4.6]
[16.1, 1.5999999999999996]
[7.1, 4.6]
[4.1, 4.6]
[0.09999999999999964, 7.6]
[14.1, 6.6]
[5.1, 3.5999999999999996]
[5.1, 4.6]
[12.1, 5.6]
[16.1, 2.5999999999999996]
[15.1, 4.6]
[14.1, 8.6]
[14.1, 5.6]
[15.1, 4.6]
[11.1, 7.6]
[10.1, 4.6]
[10.1, 2.5999999999999996]
[12.1, 7.6]
[6.1, 7.6]
[10.1, 4.6]
[10.1, 1.5999999999999996]
[3.0999999999999996, 1.5999999999999996]
[10.1, 5.6]
[9.1, 1.5999999999999996]
[9.1, 2.5999999999999996]
[8.1, 3.5999999999999996]
[3.0999999999999996, 5.6]
[10.1, 1.5999999999999996]
[12.1, 2.5999999999999996]
[16.1, 6.6]
[10.1, 1.5999999999999996]
[2.0999999999999996, 4.6]
[3.0999999999999996, 4.6]
[0.09999999999999964, 3.5999999999999996]
[8.1, 3.5999999999999996]
[10.1, 5.6]
[9.1, 3.5999999999999996]
[3.0999999999999996, 1.5999999999999996]
[7.1, 4.6]
[15.1, 1.5999999999999996]
[9.1, 4.6]
[0.09999999999999964, 7.6]
[0.09999999999999964, 3.5999999999999996]
[10.1, 2.5999999999999996]
[3.0999999999999996, 7.6]
[12.1, 1.5999999999999996]
[4.1, 4.6]
[7.1, 3.5999999999999996]
[1.0999999999999996, 7.6]
[8.1, 3.5999999999999996]
[9.1, 4.6]
[12.1, 1.5999999999999996]
[11.1, 7.6]
[9.1, 3.5999999999999996]
[7.1, 2.5999999999999996]
[3.0999999999999996, 7.6]
[8.1, 7.6]
[10.1, 4.6]
[14.1, 6.6]
[4.1, 1.5999999999999996]
[16.1, 6.6]
[14.1, 1.5999999999999996]
[5.1, 4.6]
[14.1, 1.5999999999999996]
[15.1, 8.6]
[5.1, 4.6]
[12.1, 1.5999999999999996]
[12.1, 3.5999999999999996]
[14.1, 1.5999999999999996]
[0.09999999999999964, 5.6]
[0.09999999999999964, 4.6]
[12.1, 5.6]
[10.1, 2.5999999999999996]
[12.1, 3.5999999999999996]
[0.09999999999999964, 7.6]
[14.1, 6.6]
[12.1, 5.6]
[3.0999999999999996, 1.5999999999999996]
[5.1, 4.6]
[14.1, 2.5999999999999996]
[16.1, 1.5999999999999996]
[14.1, 8.6]
[15.1, 7.6]
[3.0999999999999996, 4.6]
[15.1, 5.6]
[10.1, 1.5999999999999996]
[3.0999999999999996, 7.6]
[12.1, 6.6]
[14.1, 6.6]
[8.1, 4.6]
[16.1, 5.6]
[4.1, 4.6]
[16.1, 7.6]
[1.0999999999999996, 5.6]
[3.0999999999999996, 7.6]
[0.09999999999999964, 4.6]
[0.09999999999999964, 4.6]
[6.1, 4.6]
[10.1, 1.5999999999999996]
[3.0999999999999996, 2.5999999999999996]
[14.1, 8.6]
[8.1, 1.5999999999999996]
[15.1, 4.6]
[5.1, 2.5999999999999996]
[1.0999999999999996, 7.6]
[14.1, 1.5999999999999996]
[15.1, 3.5999999999999996]
[4.1, 4.6]
[0.09999999999999964, 1.5999999999999996]
[14.1, 2.5999999999999996]
[9.1, 1.5999999999999996]
[14.1, 5.6]
[3.0999999999999996, 2.5999999999999996]
[9.1, 2.5999999999999996]
[12.1, 1.5999999999999996]
[0.09999999999999964, 2.5999999999999996]
[9.1, 1.5999999999999996]
[10.1, 5.6]
[14.1, 8.6]
[3.0999999999999996, 4.6]
[5.1, 7.6]
[3.0999999999999996, 3.5999999999999996]
[0.09999999999999964, 5.6]
[1.0999999999999996, 1.5999999999999996]
[14.1, 2.5999999999999996]
[12.1, 3.5999999999999996]
[14.1, 6.6]
[7.1, 4.6]
[14.1, 5.6]
[0.09999999999999964, 1.5999999999999996]
[15.1, 10.6]
[14.1, 15.6]
[0.09999999999999964, 16.6]
[1.0999999999999996, 8.6]
[1.0999999999999996, 4.6]
[9.1, 18.6]
[0.09999999999999964, 18.6]
[12.1, 10.6]
[12.1, 5.6]
[14.1, 8.6]
[12.1, 2.5999999999999996]
[16.1, 9.6]
[14.1, 15.6]
[1.0999999999999996, 11.6]
[14.1, 14.6]
[10.1, 18.6]
[9.1, 1.5999999999999996]
[14.1, 9.6]
[14.1, 7.6]
[14.1, 13.6]
[1.0999999999999996, 4.6]
[12.1, 2.5999999999999996]
[8.1, 3.5999999999999996]
[3.0999999999999996, 4.6]
[8.1, 3.5999999999999996]
[14.1, 12.6]
[12.1, 1.5999999999999996]
[8.1, 3.5999999999999996]
[16.1, 8.6]
[4.1, 20.6]
[10.1, 19.6]
[1.0999999999999996, 2.5999999999999996]
[1.0999999999999996, 13.6]
[10.1, 4.6]
[1.0999999999999996, 18.6]
[1.0999999999999996, 10.6]
[1.0999999999999996, 14.6]
[1.0999999999999996, 4.6]
[1.0999999999999996, 10.6]
[12.1, 14.6]
[12.1, 7.6]
[8.1, 21.6]
[15.1, 20.6]
[12.1, 1.5999999999999996]
[3.0999999999999996, 20.6]
[8.1, 3.5999999999999996]
[4.1, 2.5999999999999996]
[14.1, 20.6]
[1.0999999999999996, 11.6]
[10.1, 4.6]
[4.1, 1.5999999999999996]
[12.1, 14.6]
[12.1, 19.6]
[2.0999999999999996, 7.6]
[17.1, 5.6]
[6.1, 3.5999999999999996]
[5.1, 7.6]
[15.1, 14.6]
[4.1, 4.6]
[16.1, 17.6]
[17.1, 9.6]
[14.1, 8.6]
[16.1, 14.6]
[17.1, 10.6]
[14.1, 17.6]
[4.1, 1.5999999999999996]
[3.0999999999999996, 1.5999999999999996]
[12.1, 5.6]
[12.1, 18.6]
[14.1, 12.6]
[11.1, 20.6]
[16.1, 13.6]
[12.1, 1.5999999999999996]
[8.1, 21.6]
[11.1, 20.6]
[17.1, 8.6]
[12.1, 13.6]
[14.1, 8.6]
[15.1, 7.6]
[14.1, 6.6]
[3.0999999999999996, 5.6]
[14.1, 3.5999999999999996]
[14.1, 12.6]
[12.1, 4.6]
[16.1, 21.6]
[14.1, 2.5999999999999996]
[12.1, 5.6]
[12.1, 14.6]
[1.0999999999999996, 20.6]
[3.0999999999999996, 7.6]
[1.0999999999999996, 1.5999999999999996]
[10.1, 2.5999999999999996]
[1.0999999999999996, 21.6]
[16.1, 17.6]
[15.1, 14.6]
[16.1, 3.5999999999999996]
[15.1, 21.6]
[14.1, 7.6]
[1.0999999999999996, 17.6]
[5.1, 1.5999999999999996]
[5.1, 3.5999999999999996]
[1.0999999999999996, 8.6]
[6.1, 19.6]
[12.1, 8.6]
[1.0999999999999996, 2.5999999999999996]
[4.1, 5.6]
[4.1, 4.6]
[3.0999999999999996, 2.5999999999999996]
[14.1, 15.6]
[6.1, 19.6]
[8.1, 3.5999999999999996]
[1.0999999999999996, 16.6]
[1.0999999999999996, 4.6]
[5.1, 21.6]
[1.0999999999999996, 8.6]
[4.1, 20.6]
[1.0999999999999996, 9.6]
[10.1, 1.5999999999999996]
[12.1, 4.6]
[16.1, 14.6]
[10.1, 21.6]
[8.1, 19.6]
[17.1, 18.6]
[14.1, 6.6]
[9.1, 1.5999999999999996]
[1.0999999999999996, 10.6]
[8.1, 5.6]
[9.1, 20.6]
[7.1, 21.6]
[9.1, 19.6]
[17.1, 18.6]
[15.1, 14.6]
[3.0999999999999996, 4.6]
[14.1, 12.6]
[17.1, 19.6]
[1.0999999999999996, 10.6]
[15.1, 14.6]
[14.1, 9.6]
[14.1, 18.6]
[15.1, 10.6]
[14.1, 10.6]
[11.1, 19.6]
[9.1, 2.5999999999999996]
[14.1, 9.6]
[15.1, 14.6]
[16.1, 4.6]
[1.0999999999999996, 1.5999999999999996]
[15.1, 2.5999999999999996]
[1.0999999999999996, 9.6]
[14.1, 12.6]
[4.1, 4.6]
[12.1, 13.6]
[10.1, 21.6]
[15.1, 4.6]
[14.1, 14.6]
[8.1, 3.5999999999999996]
[14.1, 8.6]
[3.0999999999999996, 2.5999999999999996]
[15.1, 20.6]
[6.1, 4.6]
[12.1, 13.6]
[8.1, 4.6]
[14.1, 8.6]
[15.1, 2.5999999999999996]
[14.1, 1.5999999999999996]
[14.1, 1.5999999999999996]
[12.1, 2.5999999999999996]
[12.1, 6.6]
[10.1, 3.5999999999999996]
[7.1, 19.6]
[1.0999999999999996, 12.6]
[4.1, 19.6]
[14.1, 7.6]
[14.1, 12.6]
[3.0999999999999996, 4.6]
[8.1, 20.6]
[17.1, 14.6]
[1.0999999999999996, 14.6]
[15.1, 17.6]
[14.1, 7.6]
[3.0999999999999996, 21.6]
[7.1, 4.6]
[8.1, 21.6]
[15.1, 10.6]
[12.1, 12.6]
[9.1, 1.5999999999999996]
[7.1, 19.6]
[14.1, 2.5999999999999996]
[6.1, 19.6]
[9.1, 20.6]
[14.1, 9.6]
[1.0999999999999996, 11.6]
[5.1, 2.5999999999999996]
[1.0999999999999996, 20.6]
[16.1, 3.5999999999999996]
[1.0999999999999996, 4.6]
[1.0999999999999996, 10.6]
[14.1, 6.6]
[10.1, 21.6]
[8.1, 21.6]
[10.1, 2.5999999999999996]
[11.1, 21.6]
[15.1, 4.6]
[14.1, 19.6]
[9.1, 19.6]
[14.1, 12.6]
[1.0999999999999996, 14.6]
[17.1, 7.6]
[17.1, 12.6]
[15.1, 14.6]
[16.1, 6.6]
[17.1, 5.6]
[7.1, 20.6]
[14.1, 12.6]
[16.1, 4.6]
[3.0999999999999996, 2.5999999999999996]
[10.1, 20.6]
[5.1, 2.5999999999999996]
[12.1, 21.6]
[11.1, 20.6]
[6.1, 21.6]
[2.0999999999999996, 4.6]
[7.1, 19.6]
[7.1, 4.6]
[12.1, 2.5999999999999996]
[10.1, 3.5999999999999996]
[14.1, 14.6]
[1.0999999999999996, 17.6]
[4.1, 4.6]
[16.1, 5.6]
[3.0999999999999996, 20.6]
[9.1, 1.5999999999999996]
[14.1, 16.6]
[14.1, 9.6]
[1.0999999999999996, 21.6]
[15.1, 15.6]
[11.1, 19.6]
[9.1, 20.6]
[12.1, 5.6]
[3.0999999999999996, 4.6]
[7.1, 19.6]
[14.1, 20.6]
[4.1, 1.5999999999999996]
[8.1, 19.6]
[4.1, 19.6]
[5.1, 1.5999999999999996]
[16.1, 21.6]
[14.1, 20.6]
[14.1, 15.6]
[4.1, 21.6]
[10.1, 21.6]
[14.1, 19.6]
[5.1, 19.6]
[12.1, 2.5999999999999996]
[8.1, 7.6]
[1.0999999999999996, 9.6]
[16.1, 7.6]
[6.1, 3.5999999999999996]
[6.1, 4.6]
[1.0999999999999996, 1.5999999999999996]
[14.1, 2.5999999999999996]
[12.1, 14.6]
[10.1, 5.6]
[14.1, 9.6]
[7.1, 19.6]
[6.1, 20.6]
[2.0999999999999996, 19.6]
[3.0999999999999996, 3.5999999999999996]
[15.1, 10.6]
[7.1, 19.6]
[14.1, 6.6]
[2.0999999999999996, 7.6]
[1.0999999999999996, 4.6]
[15.1, 20.6]
[9.1, 1.5999999999999996]
[10.1, 5.6]
[14.1, 5.6]
[16.1, 19.6]
[17.1, 18.6]
[1.0999999999999996, 9.6]
[17.1, 3.5999999999999996]
[5.1, 4.6]
[12.1, 9.6]
[17.1, 14.6]
[14.1, 20.6]
[3.0999999999999996, 2.5999999999999996]
[14.1, 9.6]
[14.1, 4.6]
[1.0999999999999996, 17.6]
[3.0999999999999996, 21.6]
[9.1, 7.6]
[14.1, 6.6]
[1.0999999999999996, 16.6]
[9.1, 1.5999999999999996]
[9.1, 20.6]
[12.1, 13.6]
[14.1, 14.6]
[4.1, 1.5999999999999996]
[1.0999999999999996, 10.6]
[5.1, 1.5999999999999996]
[9.1, 1.5999999999999996]
[11.1, 19.6]
[15.1, 9.6]
[12.1, 5.6]
[4.1, 4.6]
[8.1, 7.6]
[4.1, 7.6]
[3.0999999999999996, 4.6]
[17.1, 14.6]
[5.1, 3.5999999999999996]
[4.1, 7.6]
[16.1, 5.6]
[1.0999999999999996, 10.6]
[14.1, 10.6]
[14.1, 17.6]
[9.1, 19.6]
[16.1, 8.6]
[4.1, 4.6]
[14.1, 20.6]
[1.0999999999999996, 10.6]
[1.0999999999999996, 1.5999999999999996]
[6.1, 21.6]
[12.1, 1.5999999999999996]
[17.1, 4.6]
[14.1, 7.6]
[4.1, 7.6]
[15.1, 1.5999999999999996]
[1.0999999999999996, 16.6]
[16.1, 17.6]
[14.1, 17.6]
[15.1, 1.5999999999999996]
[8.1, 7.6]
[5.1, 3.5999999999999996]
[3.0999999999999996, 4.6]
[3.0999999999999996, 3.5999999999999996]
[16.1, 2.5999999999999996]
[10.1, 4.6]
[15.1, 17.6]
[12.1, 4.6]
[9.1, 1.5999999999999996]
[1.0999999999999996, 20.6]
[14.1, 4.6]
[10.1, 21.6]
[14.1, 9.6]
[9.1, 19.6]
[4.1, 4.6]
[4.1, 1.5999999999999996]
[10.1, 4.6]
[14.1, 6.6]
[15.1, 1.5999999999999996]
[1.0999999999999996, 11.6]
[14.1, 18.6]
[16.1, 11.6]
[14.1, 4.6]
[1.0999999999999996, 16.6]
[15.1, 10.6]
[6.1, 3.5999999999999996]
[7.1, 19.799999999999997]
[15.1, 14.6]
[11.1, 20.6]
[14.1, 11.6]
[4.1, 1.5999999999999996]
[8.1, 19.799999999999997]
[12.1, 4.6]
[12.1, 2.5999999999999996]
[14.1, 7.6]
[4.1, 19.799999999999997]
[1.0999999999999996, 2.5999999999999996]
[16.1, 19.6]
[1.0999999999999996, 20.6]
[10.1, 5.6]
[11.1, 19.799999999999997]
[1.0999999999999996, 17.6]
[17.1, 9.6]
[7.1, 19.799999999999997]
[14.1, 2.5999999999999996]
[14.1, 9.6]
[11.1, 20.6]
[8.1, 2.5999999999999996]
[9.1, 1.5999999999999996]
[7.1, 19.799999999999997]
[8.1, 3.5999999999999996]
[14.1, 7.6]
[12.1, 3.5999999999999996]
[6.1, 19.799999999999997]
[11.1, 19.799999999999997]
[15.1, 16.6]
[14.1, 18.6]
[10.1, 2.5999999999999996]
[2.0999999999999996, 7.6]
[14.1, 5.6]
[17.1, 17.6]
[1.0999999999999996, 5.6]
[4.1, 1.5999999999999996]
[1.0999999999999996, 20.6]
[12.1, 6.6]
[12.1, 2.5999999999999996]
[1.0999999999999996, 4.6]
[14.1, 9.6]
[12.1, 15.6]
[12.1, 3.5999999999999996]
[5.1, 1.5999999999999996]
[12.1, 4.6]
[10.1, 5.6]
[7.1, 19.799999999999997]
[12.1, 5.6]
[14.1, 10.6]
[14.1, 4.6]
[1.0999999999999996, 1.5999999999999996]
[1.0999999999999996, 4.6]
[17.1, 16.6]
[4.1, 7.6]
[17.1, 18.6]
[8.1, 4.6]
[7.1, 19.799999999999997]
[1.0999999999999996, 14.6]
[12.1, 3.5999999999999996]
[8.1, 4.6]
[10.1, 3.5999999999999996]
[6.1, 19.799999999999997]
[8.1, 3.5999999999999996]
[8.1, 3.5999999999999996]
[5.1, 3.5999999999999996]
[14.1, 15.6]
[5.1, 1.5999999999999996]
[12.1, 6.6]
[1.0999999999999996, 19.6]
[6.1, 21.6]
[17.1, 9.6]
[1.0999999999999996, 2.5999999999999996]
[14.1, 14.6]
[16.1, 16.6]
[14.1, 16.6]
[4.1, 4.6]
[4.1, 19.799999999999997]
[3.0999999999999996, 20.6]
[14.1, 19.6]
[1.0999999999999996, 9.6]
[1.0999999999999996, 21.6]
[15.1, 9.6]
[15.1, 9.6]
[15.1, 2.5999999999999996]
[1.0999999999999996, 7.6]
[4.1, 5.6]
[14.1, 15.6]
[15.1, 9.6]
[15.1, 18.6]
[10.1, 20.6]
[4.1, 4.6]
[1.0999999999999996, 10.6]
[12.1, 13.6]
[14.1, 2.5999999999999996]
[3.0999999999999996, 21.6]
[14.1, 20.6]
[15.1, 21.6]
[12.1, 5.6]
[3.0999999999999996, 7.6]
[15.1, 20.6]
[11.1, 20.6]
[12.1, 14.6]
[14.1, 9.6]
[15.1, 9.6]
[6.1, 4.6]
[8.1, 19.799999999999997]
[15.1, 16.6]
[9.1, 1.5999999999999996]
[11.1, 20.6]
[15.1, 14.6]
[12.1, 5.6]
[17.1, 8.6]
[1.0999999999999996, 3.5999999999999996]
[17.1, 20.6]
[8.1, 3.5999999999999996]
[4.1, 4.6]
[8.1, 19.799999999999997]
[4.1, 7.6]
[15.1, 1.5999999999999996]
[1.0999999999999996, 9.6]
[17.1, 5.6]
[9.1, 20.6]
[4.1, 2.5999999999999996]
[17.1, 18.6]
[2.0999999999999996, 19.799999999999997]
[10.1, 2.5999999999999996]
[1.0999999999999996, 8.6]
[1.0999999999999996, 4.6]
[8.1, 19.799999999999997]
[10.1, 4.6]
[7.1, 3.5999999999999996]
[10.1, 2.5999999999999996]
[16.1, 2.5999999999999996]
[15.1, 4.6]
[6.1, 20.6]
[6.1, 20.6]
[1.0999999999999996, 9.6]
[14.1, 15.6]
[15.1, 10.6]
[1.0999999999999996, 21.6]
[15.1, 9.6]
[16.1, 13.6]
[14.1, 9.6]
[10.1, 5.6]
[15.1, 15.6]
[16.1, 16.6]
[3.0999999999999996, 3.5999999999999996]
[8.1, 5.6]
[14.1, 1.5999999999999996]
[17.1, 12.6]
[11.1, 20.6]
[4.1, 1.5999999999999996]
[8.1, 19.799999999999997]
[15.1, 14.6]
[14.1, 9.6]
[16.1, 1.5999999999999996]
[1.0999999999999996, 14.6]
[11.1, 20.6]
[6.1, 19.799999999999997]
[14.1, 7.6]
[17.1, 18.6]
[10.1, 19.799999999999997]
[16.1, 5.6]
[14.1, 4.6]
[1.0999999999999996, 11.6]
[1.0999999999999996, 9.6]
[2.0999999999999996, 19.799999999999997]
[14.1, 9.6]
[2.0999999999999996, 20.6]
[12.1, 4.6]
[12.1, 14.6]
[6.1, 7.6]
[4.1, 21.6]
[12.1, 15.6]
[16.1, 5.6]
[3.0999999999999996, 2.5999999999999996]
[17.1, 18.6]
[1.0999999999999996, 21.6]
[10.1, 2.5999999999999996]
[4.1, 5.6]
[1.0999999999999996, 10.6]
[1.0999999999999996, 4.6]
[12.1, 1.5999999999999996]
[16.1, 9.6]
[14.1, 17.6]
[12.1, 5.6]
[12.1, 4.6]
[14.1, 13.6]
[11.1, 19.799999999999997]
[1.0999999999999996, 7.6]
[5.1, 1.5999999999999996]
[12.1, 14.6]
[4.1, 4.6]
[10.1, 20.6]
[14.1, 15.6]
[1.0999999999999996, 12.6]
[1.0999999999999996, 2.5999999999999996]
[16.1, 16.6]
[1.0999999999999996, 18.6]
[14.1, 6.6]
[12.1, 12.6]
[1.0999999999999996, 17.6]
[4.1, 1.5999999999999996]
[3.0999999999999996, 20.6]
[6.1, 19.799999999999997]
[3.0999999999999996, 2.5999999999999996]
[11.1, 21.6]
[16.1, 16.6]
[7.1, 5.6]
[1.0999999999999996, 2.5999999999999996]
[16.1, 1.5999999999999996]
[15.1, 14.6]
[17.1, 16.6]
[1.0999999999999996, 21.6]
[14.1, 13.6]
[12.1, 4.6]
[7.1, 3.5999999999999996]
[1.0999999999999996, 9.6]
[1.0999999999999996, 9.6]
[12.1, 1.5999999999999996]
[14.1, 9.6]
[8.1, 19.799999999999997]
[7.1, 3.5999999999999996]
[15.1, 15.6]
[3.0999999999999996, 20.6]
[10.1, 19.799999999999997]
[8.1, 19.799999999999997]
[17.1, 17.6]
[4.1, 7.6]
[12.1, 1.5999999999999996]
[1.0999999999999996, 13.6]
[8.1, 1.5999999999999996]
[16.1, 10.6]
[8.1, 19.799999999999997]
[3.0999999999999996, 21.6]
[17.1, 8.6]
[10.1, 19.799999999999997]
[10.1, 5.6]
[3.0999999999999996, 7.6]
[15.1, 20.6]
[1.0999999999999996, 14.6]
[12.1, 4.6]
[12.1, 10.6]
[1.0999999999999996, 17.6]
[17.1, 20.6]
[4.1, 7.6]
[2.0999999999999996, 7.6]
[4.1, 1.5999999999999996]
[1.0999999999999996, 1.5999999999999996]
[14.1, 20.6]
[14.1, 14.6]
[14.1, 2.5999999999999996]
[6.1, 19.799999999999997]
[1.0999999999999996, 16.6]
[12.1, 5.6]
[5.1, 1.5999999999999996]
[12.1, 2.5999999999999996]
[8.1, 21.6]
[1.0999999999999996, 1.5999999999999996]
[3.0999999999999996, 4.6]
[1.0999999999999996, 4.6]
[2.0999999999999996, 4.6]
[8.1, 3.5999999999999996]
[10.1, 21.6]
[4.1, 7.6]
[1.0999999999999996, 9.6]
[12.1, 13.6]
[4.1, 20.6]
[10.1, 3.5999999999999996]
[14.1, 14.6]
[14.1, 7.6]
[9.1, 19.799999999999997]
[14.1, 9.6]
[4.1, 5.6]
[5.1, 4.6]
[14.1, 1.5999999999999996]
[12.1, 1.5999999999999996]
[1.0999999999999996, 4.6]
[3.0999999999999996, 3.5999999999999996]
[15.1, 4.6]
[8.1, 4.6]
[12.1, 3.5999999999999996]
[15.1, 1.5999999999999996]
[15.1, 17.6]
[3.0999999999999996, 4.6]
[1.0999999999999996, 9.6]
[14.1, 7.6]
[7.1, 2.5999999999999996]
[14.1, 9.6]
[17.1, 9.6]
[1.0999999999999996, 17.6]
[10.1, 5.6]
[3.0999999999999996, 20.6]
[15.1, 18.6]
[9.1, 20.6]
[11.1, 20.6]
[16.1, 9.6]
[17.1, 3.5999999999999996]
[1.0999999999999996, 4.6]
[9.1, 19.799999999999997]
[14.1, 16.6]
[16.1, 3.5999999999999996]
[12.1, 5.6]
[17.1, 3.5999999999999996]
[1.0999999999999996, 10.6]
[7.1, 2.5999999999999996]
[14.1, 20.6]
[8.1, 19.799999999999997]
[4.1, 7.6]
[10.1, 5.6]
[15.1, 18.6]
[15.1, 10.6]
[14.1, 3.5999999999999996]
[7.1, 20.6]
[2.0999999999999996, 20.6]
[14.1, 8.6]
[14.1, 19.6]
[7.1, 21.6]
[14.1, 8.6]
[15.1, 17.6]
[4.1, 19.799999999999997]
[14.1, 14.6]
[17.1, 16.6]
[9.1, 4.6]
[17.1, 18.6]
[5.1, 19.799999999999997]
[14.1, 16.6]
[11.1, 19.799999999999997]
[7.1, 3.5999999999999996]
[15.1, 4.6]
[3.0999999999999996, 7.6]
[14.1, 1.5999999999999996]
[14.1, 15.6]
[3.0999999999999996, 20.6]
[5.1, 19.799999999999997]
[5.1, 3.5999999999999996]
[12.1, 3.5999999999999996]
[9.1, 4.6]
[1.0999999999999996, 17.6]
[2.0999999999999996, 7.6]
[14.1, 15.6]
[1.0999999999999996, 17.6]
[14.1, 1.5999999999999996]
[15.1, 20.6]
[1.0999999999999996, 9.6]
[6.1, 19.799999999999997]
[5.1, 19.799999999999997]
[12.1, 5.6]
[15.1, 18.6]
[3.0999999999999996, 20.6]
[1.0999999999999996, 13.6]
[14.1, 19.6]
[12.1, 15.6]
[4.1, 19.799999999999997]
[8.1, 3.5999999999999996]
[15.1, 15.6]
[14.1, 2.5999999999999996]
[5.1, 3.5999999999999996]
[4.1, 4.6]
[16.1, 12.6]
[1.0999999999999996, 11.6]
[1.0999999999999996, 9.6]
[5.1, 1.5999999999999996]
[7.1, 19.799999999999997]
[5.1, 1.5999999999999996]
[14.1, 6.6]
[1.0999999999999996, 3.5999999999999996]
[14.1, 17.6]
[10.1, 7.6]
[1.0999999999999996, 16.6]
[15.1, 9.6]
[15.1, 17.6]
[16.1, 12.6]
[3.0999999999999996, 21.6]
[14.1, 5.6]
[16.1, 14.6]
[6.1, 7.6]
[15.1, 4.6]
[16.1, 12.6]
[11.1, 20.6]
[14.1, 7.6]
[15.1, 5.6]
[14.1, 16.6]
[12.1, 6.6]
[14.1, 17.6]
[10.1, 5.6]
[1.0999999999999996, 16.6]
[1.0999999999999996, 10.6]
[16.1, 16.6]
[16.1, 12.6]
[1.0999999999999996, 16.6]
[15.1, 11.6]
[17.1, 19.6]
[14.1, 10.6]
[14.1, 4.6]
[3.0999999999999996, 4.6]
[17.1, 8.6]
[14.1, 12.6]
[3.0999999999999996, 20.6]
[16.1, 16.6]
[3.0999999999999996, 4.6]
[14.1, 1.5999999999999996]
[16.1, 4.6]
[12.1, 1.5999999999999996]
[14.1, 9.6]
[1.0999999999999996, 9.6]
[10.1, 4.6]
[8.1, 19.799999999999997]
[4.1, 7.6]
[3.0999999999999996, 1.5999999999999996]
[14.1, 1.5999999999999996]
[3.0999999999999996, 2.5999999999999996]
[3.0999999999999996, 1.5999999999999996]
[1.0999999999999996, 21.6]
[16.1, 3.5999999999999996]
[3.0999999999999996, 4.6]
[12.1, 18.6]
[2.0999999999999996, 20.6]
[12.1, 10.6]
[4.1, 19.799999999999997]
[8.1, 20.6]
[1.0999999999999996, 1.5999999999999996]
[2.0999999999999996, 20.6]
[3.0999999999999996, 5.6]
[1.0999999999999996, 14.6]
[15.1, 4.6]
[7.1, 3.5999999999999996]
[16.1, 16.6]
[14.1, 9.6]
[5.1, 1.5999999999999996]
[15.1, 2.5999999999999996]
[15.1, 9.6]
[1.0999999999999996, 10.6]
[17.1, 20.6]
[17.1, 12.6]
[17.1, 14.6]
[8.1, 5.6]
[14.1, 4.6]
[9.1, 21.6]
[8.1, 19.799999999999997]
[12.1, 21.6]
[17.1, 21.6]
[4.1, 4.6]
[17.1, 18.6]
[1.0999999999999996, 17.6]
[12.1, 10.6]
[1.0999999999999996, 4.6]
[8.1, 21.6]
[14.1, 17.6]
[3.0999999999999996, 4.6]
[12.1, 7.6]
[9.1, 1.5999999999999996]
[4.1, 7.6]
[1.0999999999999996, 10.6]
[14.1, 4.6]
[6.1, 5.6]
[1.0999999999999996, 9.6]
[1.0999999999999996, 2.5999999999999996]
[4.1, 1.5999999999999996]
[1.0999999999999996, 21.6]
[15.1, 8.6]
[1.0999999999999996, 17.6]
[9.1, 7.6]
[5.1, 4.6]
[6.1, 21.6]
[7.1, 19.799999999999997]
[6.1, 20.6]
[1.0999999999999996, 16.6]
[15.1, 4.6]
[14.1, 6.6]
[1.0999999999999996, 14.6]
[8.1, 21.6]
[3.0999999999999996, 3.5999999999999996]
[1.0999999999999996, 11.6]
[8.1, 19.799999999999997]
[8.1, 19.799999999999997]
[10.1, 19.799999999999997]
[1.0999999999999996, 20.6]
[14.1, 17.6]
[1.0999999999999996, 14.6]
[14.1, 15.6]
[1.0999999999999996, 4.6]
[14.1, 6.6]
[1.0999999999999996, 9.6]
[16.1, 17.6]
[15.1, 5.6]
[15.1, 1.5999999999999996]
[6.1, 5.6]
[5.1, 3.5999999999999996]
[14.1, 12.6]
[15.1, 13.6]
[8.1, 20.6]
[1.0999999999999996, 9.6]
[2.0999999999999996, 19.799999999999997]
[16.1, 14.6]
[6.1, 7.6]
[1.0999999999999996, 1.5999999999999996]
[1.0999999999999996, 10.6]
[8.1, 3.5999999999999996]
[12.1, 2.5999999999999996]
[17.1, 9.6]
[2.0999999999999996, 7.6]
[1.0999999999999996, 18.6]
[4.1, 1.5999999999999996]
[14.1, 14.6]
[10.1, 20.6]
[15.1, 1.5999999999999996]
[4.1, 19.799999999999997]
[14.1, 6.6]
[7.1, 21.6]
[7.1, 5.6]
[12.1, 15.6]
[5.1, 4.6]
[14.1, 19.6]
[17.1, 1.5999999999999996]
[16.1, 4.6]
[4.1, 4.6]
[15.1, 11.6]
[15.1, 7.6]
[1.0999999999999996, 9.6]
[1.0999999999999996, 16.6]
[1.0999999999999996, 13.6]
[10.1, 20.6]
[16.1, 3.5999999999999996]
[12.1, 2.5999999999999996]
[12.1, 2.5999999999999996]
[15.1, 7.6]
[1.0999999999999996, 9.6]
[8.1, 3.5999999999999996]
[3.0999999999999996, 20.6]
[1.0999999999999996, 5.6]
[10.1, 1.5999999999999996]
[8.1, 3.5999999999999996]
[16.1, 16.6]
[16.1, 6.6]
[8.1, 4.6]
[1.0999999999999996, 4.6]
[15.1, 5.6]
[1.0999999999999996, 9.6]
[6.1, 7.6]
[17.1, 20.6]
[14.1, 12.6]
[8.1, 4.6]
[16.1, 19.6]
[5.1, 19.799999999999997]
[1.0999999999999996, 11.6]
[14.1, 6.6]
[14.1, 14.6]
[4.1, 2.5999999999999996]
[14.1, 13.6]
[1.0999999999999996, 8.6]
[16.1, 12.6]
[16.1, 2.5999999999999996]
[10.1, 20.6]
[15.1, 14.6]
[16.1, 1.5999999999999996]
[8.1, 4.6]
[14.1, 12.6]
[12.1, 13.6]
[3.0999999999999996, 20.6]
[3.0999999999999996, 4.6]
[12.1, 5.6]
[3.0999999999999996, 4.6]
[15.1, 4.6]
[4.1, 1.5999999999999996]
[12.1, 2.5999999999999996]
[1.0999999999999996, 10.6]
[15.1, 3.5999999999999996]
[16.1, 8.6]
[14.1, 9.6]
[14.1, 16.6]
[17.1, 3.5999999999999996]
[4.1, 4.6]
[17.1, 12.6]
[11.1, 21.6]
[16.1, 5.6]
[14.1, 14.6]
[12.1, 10.6]
[4.1, 7.6]
[15.1, 14.6]
[14.1, 14.6]
[4.1, 19.799999999999997]
[3.0999999999999996, 20.6]
[16.1, 12.6]
[16.1, 13.6]
[14.1, 9.6]
[1.0999999999999996, 9.6]
[9.1, 7.6]
[15.1, 21.6]
[14.1, 15.6]
[4.1, 2.5999999999999996]
[15.1, 20.6]
[1.0999999999999996, 4.6]
[2.0999999999999996, 4.6]
[15.1, 7.6]
[16.1, 12.6]
[6.1, 19.799999999999997]
[2.0999999999999996, 19.799999999999997]
[7.1, 4.6]
[12.1, 1.5999999999999996]
[14.1, 9.6]
[4.1, 19.799999999999997]
[14.1, 5.6]
[2.0999999999999996, 20.6]
[14.1, 2.5999999999999996]
[7.1, 21.6]
[15.1, 1.5999999999999996]
[6.1, 21.6]
[10.1, 4.6]
[10.1, 4.6]
[11.1, 20.6]
[14.1, 7.6]
[10.1, 19.799999999999997]
[7.1, 3.5999999999999996]
[17.1, 7.6]
[17.1, 14.6]
[16.1, 19.6]
[4.1, 7.6]
[14.1, 17.6]
[14.1, 17.6]
[12.1, 13.6]
[14.1, 16.6]
[14.1, 21.6]
[3.0999999999999996, 4.6]
[16.1, 21.6]
[11.1, 19.799999999999997]
[7.1, 5.6]
[10.1, 4.6]
[3.0999999999999996, 4.6]
[14.1, 15.6]
[1.0999999999999996, 10.6]
[10.1, 1.5999999999999996]
[7.1, 19.799999999999997]
[12.1, 13.6]
[5.1, 1.5999999999999996]
[16.1, 4.6]
[3.0999999999999996, 3.5999999999999996]
[3.0999999999999996, 1.5999999999999996]
[14.1, 6.6]
[9.1, 1.5999999999999996]
[12.1, 5.6]
[1.0999999999999996, 3.5999999999999996]
[3.0999999999999996, 7.6]
[1.0999999999999996, 8.6]
[3.0999999999999996, 21.6]
[10.1, 3.5999999999999996]
[12.1, 6.6]
[7.1, 3.5999999999999996]
[1.0999999999999996, 8.6]
[8.1, 5.6]
[15.1, 10.6]
[16.1, 4.6]
[3.0999999999999996, 4.6]
[17.1, 1.5999999999999996]
[10.1, 7.6]
[12.1, 2.5999999999999996]
[1.0999999999999996, 2.5999999999999996]
[8.1, 5.6]
[16.1, 12.6]
[6.1, 5.6]
[1.0999999999999996, 14.6]
[12.1, 11.6]
[6.1, 19.799999999999997]
[15.1, 20.6]
[15.1, 14.6]
[9.1, 4.6]
[1.0999999999999996, 15.6]
[10.1, 1.5999999999999996]
[9.1, 1.5999999999999996]
[15.1, 15.6]
[2.0999999999999996, 7.6]
[4.1, 5.6]
[17.1, 11.6]
[8.1, 19.799999999999997]
[1.0999999999999996, 16.6]
[1.0999999999999996, 11.6]
[1.0999999999999996, 18.6]
[3.0999999999999996, 2.5999999999999996]
[16.1, 2.5999999999999996]
[6.1, 19.799999999999997]
[15.1, 4.6]
[15.1, 1.5999999999999996]
[4.1, 1.5999999999999996]
[12.1, 2.5999999999999996]
[14.1, 7.6]
[1.0999999999999996, 10.6]
[10.1, 4.6]
[14.1, 16.6]
[15.1, 4.6]
[10.1, 19.799999999999997]
[15.1, 1.5999999999999996]
[4.1, 4.6]
[15.1, 17.6]
[9.1, 21.6]
[12.1, 5.6]
[10.1, 7.6]
[6.1, 21.6]
[4.1, 1.5999999999999996]
[14.1, 1.5999999999999996]
[16.1, 10.6]
[8.1, 4.6]
[17.1, 12.6]
[10.1, 1.5999999999999996]
[15.1, 5.6]
[4.1, 5.6]
[16.1, 9.6]
[4.1, 7.6]
[10.1, 4.6]
[3.0999999999999996, 4.6]
[14.1, 14.6]
[1.0999999999999996, 5.6]
[1.0999999999999996, 11.6]
[16.1, 12.6]
[9.1, 19.799999999999997]
[12.1, 6.6]
[15.1, 1.5999999999999996]
[1.0999999999999996, 4.6]
[17.1, 12.6]
[2.0999999999999996, 7.6]
[11.1, 19.799999999999997]
[17.1, 11.6]
[14.1, 9.6]
[14.1, 12.6]
[10.1, 21.6]
[15.1, 16.6]
[14.1, 7.6]
[2.0999999999999996, 7.6]
[1.0999999999999996, 10.6]
[4.1, 21.6]
[16.1, 4.6]
[10.1, 1.5999999999999996]
[10.1, 2.5999999999999996]
[9.1, 19.799999999999997]
[11.1, 21.6]
[14.1, 13.6]
[15.1, 5.6]
[1.0999999999999996, 15.6]
[12.1, 21.6]
[16.1, 3.5999999999999996]
[3.0999999999999996, 20.6]
[17.1, 20.6]
[16.1, 3.5999999999999996]
[8.1, 20.6]
[10.1, 1.5999999999999996]
[9.1, 19.799999999999997]
[15.1, 7.6]
[5.1, 3.5999999999999996]
[12.1, 10.6]
[5.1, 21.6]
[8.1, 3.5999999999999996]
[10.1, 21.6]
[17.1, 16.6]
[15.1, 21.6]
[1.0999999999999996, 11.6]
[17.1, 9.6]
[12.1, 2.5999999999999996]
[1.0999999999999996, 18.6]
[16.1, 21.6]
[12.1, 10.6]
[3.0999999999999996, 3.5999999999999996]
[1.0999999999999996, 17.6]
[14.1, 2.5999999999999996]
[7.1, 21.6]
[11.1, 20.6]
[6.1, 5.6]
[17.1, 12.6]
[17.1, 18.6]
[16.1, 16.6]
[6.1, 19.799999999999997]
[1.0999999999999996, 9.6]
[1.0999999999999996, 21.6]
[15.1, 3.5999999999999996]
[14.1, 6.6]
[16.1, 1.5999999999999996]
[15.1, 2.5999999999999996]
[12.1, 4.6]
[17.1, 16.6]
[15.1, 10.6]
[15.1, 14.6]
[9.1, 20.6]
[14.1, 7.6]
[17.1, 10.6]
[14.1, 10.6]
[14.1, 9.6]
[14.1, 16.6]
[16.1, 3.5999999999999996]
[14.1, 3.5999999999999996]
[3.0999999999999996, 21.6]
[1.0999999999999996, 8.6]
[1.0999999999999996, 1.5999999999999996]
[12.1, 7.6]
[9.1, 19.799999999999997]
[17.1, 18.6]
[14.1, 1.5999999999999996]
[1.0999999999999996, 12.6]
[6.1, 5.6]
[15.1, 7.6]
[1.0999999999999996, 21.6]
[9.1, 2.5999999999999996]
[15.1, 15.6]
[16.1, 1.5999999999999996]
[1.0999999999999996, 13.6]
[16.1, 3.5999999999999996]
[4.1, 1.5999999999999996]
[15.1, 16.6]
[15.1, 10.6]
[14.1, 2.5999999999999996]
[16.1, 5.6]
[14.1, 2.5999999999999996]
[1.0999999999999996, 19.6]
[1.0999999999999996, 15.6]
[1.0999999999999996, 21.6]
[17.1, 12.6]
[8.1, 19.799999999999997]
[12.1, 1.5999999999999996]
[1.0999999999999996, 1.5999999999999996]
[1.0999999999999996, 16.6]
[16.1, 3.5999999999999996]
[1.0999999999999996, 11.6]
[15.1, 13.6]
[1.0999999999999996, 18.6]
[1.0999999999999996, 4.6]
[16.1, 5.6]
[16.1, 5.6]
[7.1, 4.6]
[8.1, 5.6]
[16.1, 5.6]
[14.1, 2.5999999999999996]
[16.1, 3.5999999999999996]
[12.1, 14.6]
[8.1, 3.5999999999999996]
[1.0999999999999996, 10.6]
[8.1, 20.6]
[8.1, 19.799999999999997]
[15.1, 10.6]
[3.0999999999999996, 2.5999999999999996]
[4.1, 20.6]
[17.1, 20.6]
[16.1, 9.6]
[12.1, 21.6]
[5.1, 3.5999999999999996]
[1.0999999999999996, 17.6]
[8.1, 7.6]
[6.1, 7.6]
[16.1, 1.5999999999999996]
[4.1, 4.6]
[12.1, 2.5999999999999996]
[4.1, 19.799999999999997]
[14.1, 14.6]
[14.1, 9.6]
[3.0999999999999996, 5.6]
[15.1, 20.6]
[10.1, 4.6]
[15.1, 16.6]
[12.1, 14.6]
[1.0999999999999996, 7.6]
[12.1, 11.6]
[12.1, 6.6]
[17.1, 18.6]
[14.1, 7.6]
[8.1, 21.6]
[15.1, 16.6]
[3.0999999999999996, 4.6]
[9.1, 1.5999999999999996]
[1.0999999999999996, 19.6]
[1.0999999999999996, 4.6]
[16.1, 12.6]
[3.0999999999999996, 21.6]
[14.1, 16.6]
[16.1, 9.6]
[12.1, 4.6]
[3.0999999999999996, 20.6]
[1.0999999999999996, 11.6]
[14.1, 14.6]
[9.1, 1.5999999999999996]
[16.1, 13.6]
[5.1, 1.5999999999999996]
[14.1, 3.5999999999999996]
[3.0999999999999996, 4.6]
[4.1, 4.6]
[4.1, 19.799999999999997]
[12.1, 12.6]
[2.0999999999999996, 7.6]
[4.1, 19.799999999999997]
[4.1, 2.5999999999999996]
[15.1, 16.6]
[12.1, 5.6]
[14.1, 11.6]
[1.0999999999999996, 15.6]
[11.1, 19.799999999999997]
[17.1, 20.6]
[10.1, 4.6]
[17.1, 12.6]
[15.1, 4.6]
[3.0999999999999996, 2.5999999999999996]
[6.1, 5.6]
[5.1, 3.5999999999999996]
[7.1, 1.5999999999999996]
[1.0999999999999996, 16.6]
[8.1, 4.6]
[12.1, 5.6]
[16.1, 11.6]
[17.1, 16.6]
[15.1, 1.5999999999999996]
[14.1, 1.5999999999999996]
[10.1, 19.799999999999997]
[11.1, 20.6]
[4.1, 1.5999999999999996]
[4.1, 2.5999999999999996]
[1.0999999999999996, 16.6]
[10.1, 19.799999999999997]
[15.1, 1.5999999999999996]
[1.0999999999999996, 1.5999999999999996]
[14.1, 15.6]
[2.0999999999999996, 7.6]
[8.1, 21.6]
[1.0999999999999996, 16.6]
[7.1, 2.5999999999999996]
[9.1, 19.799999999999997]
[1.0999999999999996, 20.6]
[16.1, 9.6]
[8.1, 7.6]
[9.1, 7.6]
[1.0999999999999996, 15.6]
[4.1, 7.6]
[15.1, 9.6]
[6.1, 5.6]
[3.0999999999999996, 1.5999999999999996]
[9.1, 19.799999999999997]
[1.0999999999999996, 3.5999999999999996]
[10.1, 2.5999999999999996]
[16.1, 16.6]
[15.1, 1.5999999999999996]
[15.1, 14.6]
[4.1, 2.5999999999999996]
[16.1, 9.6]
[3.0999999999999996, 20.6]
[14.1, 2.5999999999999996]
[16.1, 19.6]
[1.0999999999999996, 9.6]
[9.1, 19.799999999999997]
[4.1, 19.799999999999997]
[1.0999999999999996, 7.6]
[14.1, 18.6]
[1.0999999999999996, 3.5999999999999996]
[3.0999999999999996, 20.6]
[15.1, 1.5999999999999996]
[14.1, 17.6]
[1.0999999999999996, 8.6]
[17.1, 20.6]
[4.1, 19.799999999999997]
[11.1, 20.6]
[1.0999999999999996, 21.6]
[14.1, 10.6]
[17.1, 9.6]
[14.1, 7.6]
[3.0999999999999996, 4.6]
[17.1, 5.6]
[6.1, 4.6]
[2.0999999999999996, 20.6]
[10.1, 4.6]
[10.1, 20.6]
[14.1, 15.6]
[4.1, 2.5999999999999996]
[9.1, 2.5999999999999996]
[14.1, 20.6]
[1.0999999999999996, 21.6]
[14.1, 7.6]
[7.1, 4.6]
[14.1, 17.6]
[12.1, 2.5999999999999996]
[1.0999999999999996, 17.6]
[14.1, 9.6]
[7.1, 4.6]
[14.1, 19.6]
[7.1, 19.799999999999997]
[1.0999999999999996, 18.6]
[8.1, 1.5999999999999996]
[14.1, 11.6]
[14.1, 3.5999999999999996]
[15.1, 10.6]
[1.0999999999999996, 19.6]
[6.1, 3.5999999999999996]
[6.1, 5.6]
[1.0999999999999996, 9.6]
[1.0999999999999996, 9.6]
[6.1, 4.6]
[8.1, 21.6]
[17.1, 18.6]
[6.1, 20.6]
[4.1, 19.799999999999997]
[16.1, 11.6]
[17.1, 12.6]
[3.0999999999999996, 4.6]
[1.0999999999999996, 9.6]
[14.1, 20.6]
[8.1, 5.6]
[4.1, 4.6]
[12.1, 20.6]
[7.1, 4.6]
[3.0999999999999996, 5.6]
[2.0999999999999996, 19.799999999999997]
[6.1, 20.6]
[3.0999999999999996, 20.6]
[10.1, 4.6]
[4.1, 7.6]
[1.0999999999999996, 8.6]
[3.0999999999999996, 20.6]
[4.1, 2.5999999999999996]
[4.1, 20.6]
[3.0999999999999996, 3.5999999999999996]
[14.1, 14.6]
[5.1, 19.799999999999997]
[11.1, 19.799999999999997]
[3.0999999999999996, 2.5999999999999996]
[12.1, 19.6]
[6.1, 5.6]
[5.1, 4.6]
[14.1, 5.6]
[1.0999999999999996, 11.6]
[14.1, 10.6]
[4.1, 1.5999999999999996]
[10.1, 20.6]
[14.1, 2.5999999999999996]
[14.1, 9.6]
[14.1, 2.5999999999999996]
[17.1, 8.6]
[14.1, 9.6]
[3.0999999999999996, 1.5999999999999996]
[11.1, 20.6]
[10.1, 21.6]
[1.0999999999999996, 19.6]
[1.0999999999999996, 10.6]
[1.0999999999999996, 9.6]
[7.1, 4.6]
[14.1, 9.6]
[4.1, 7.6]
[7.1, 21.6]
[2.0999999999999996, 20.6]
[3.0999999999999996, 2.5999999999999996]
[7.1, 2.5999999999999996]
[14.1, 7.6]
[14.1, 5.6]
[8.1, 4.6]
[8.1, 21.6]
[9.1, 1.5999999999999996]
[10.1, 20.6]
[1.0999999999999996, 17.6]
[1.0999999999999996, 7.6]
[17.1, 18.6]
[9.1, 4.6]
[9.1, 19.799999999999997]
[12.1, 2.5999999999999996]
[1.0999999999999996, 9.6]
[15.1, 1.5999999999999996]
[17.1, 18.6]
[1.0999999999999996, 20.6]
[1.0999999999999996, 1.5999999999999996]
[16.1, 4.6]
[17.1, 1.5999999999999996]
[16.1, 5.6]
[4.1, 19.799999999999997]
[4.1, 7.6]
[14.1, 17.6]
[10.1, 2.5999999999999996]
[4.1, 1.5999999999999996]
[12.1, 12.6]
[11.1, 19.799999999999997]
[7.1, 21.6]
[16.1, 5.6]
[14.1, 9.6]
[15.1, 14.6]
[12.1, 14.6]
[16.1, 11.6]
[16.1, 8.6]
[15.1, 9.6]
[17.1, 9.6]
[1.0999999999999996, 18.6]
[14.1, 14.6]
[9.1, 1.5999999999999996]
[16.1, 16.6]
[5.1, 4.6]
[6.1, 19.799999999999997]
[16.1, 4.6]
[6.1, 20.6]
[5.1, 19.799999999999997]
[12.1, 3.5999999999999996]
[14.1, 3.5999999999999996]
[1.0999999999999996, 1.5999999999999996]
[3.0999999999999996, 20.6]
[10.1, 2.5999999999999996]
[17.1, 1.5999999999999996]
[4.1, 4.6]
[16.1, 5.6]
[14.1, 9.6]
[4.1, 19.799999999999997]
[14.1, 1.5999999999999996]
[1.0999999999999996, 5.6]
[1.0999999999999996, 14.6]
[16.1, 9.6]
[14.1, 6.6]
[16.1, 5.6]
[7.1, 4.6]
[3.0999999999999996, 1.5999999999999996]
[17.1, 18.6]
[16.1, 11.6]
[17.1, 2.5999999999999996]
[16.1, 2.5999999999999996]
[6.1, 21.6]
[14.1, 15.6]
[14.1, 16.6]
[2.0999999999999996, 20.6]
[16.1, 1.5999999999999996]
[1.0999999999999996, 10.6]
[17.1, 16.6]
[1.0999999999999996, 16.6]
[3.0999999999999996, 3.5999999999999996]
[1.0999999999999996, 9.6]
[7.1, 19.799999999999997]
[16.1, 21.6]
[1.0999999999999996, 2.5999999999999996]
[12.1, 4.6]
[1.0999999999999996, 9.6]
[1.0999999999999996, 19.6]
[4.1, 4.6]
[17.1, 18.6]
[14.1, 16.6]
[14.1, 6.6]
[15.1, 17.6]
[1.0999999999999996, 3.5999999999999996]
[4.1, 4.6]
[1.0999999999999996, 9.6]
[15.1, 14.6]
[7.1, 4.6]
[1.0999999999999996, 9.6]
[14.1, 19.6]
[14.1, 20.6]
[7.1, 19.799999999999997]
[1.0999999999999996, 4.6]
[14.1, 5.6]
[1.0999999999999996, 18.6]
[1.0999999999999996, 9.6]
[7.1, 19.799999999999997]
[6.1, 19.799999999999997]
[1.0999999999999996, 21.6]
[16.1, 17.6]
[14.1, 18.6]
[14.1, 7.6]
[12.1, 2.5999999999999996]
[14.1, 21.6]
[1.0999999999999996, 5.6]
[12.1, 6.6]
[3.0999999999999996, 21.6]
[9.1, 2.5999999999999996]
[8.1, 7.6]
[9.1, 19.799999999999997]
[8.1, 1.5999999999999996]
[16.1, 7.6]
[16.1, 6.6]
[4.1, 21.6]
[15.1, 9.6]
[6.1, 20.6]
[14.1, 20.6]
[3.0999999999999996, 20.6]
[1.0999999999999996, 15.6]
[8.1, 2.5999999999999996]
[4.1, 2.5999999999999996]
[3.0999999999999996, 20.6]
[8.1, 21.6]
[12.1, 4.6]
[1.0999999999999996, 18.6]
[4.1, 21.6]
[16.1, 2.5999999999999996]
[3.0999999999999996, 1.5999999999999996]
[14.1, 10.6]
[17.1, 2.5999999999999996]
[3.0999999999999996, 5.6]
[1.0999999999999996, 8.6]
[14.1, 15.6]
[6.1, 4.6]
[16.1, 13.6]
[12.1, 11.6]
[9.1, 19.799999999999997]
[15.1, 14.6]
[1.0999999999999996, 9.6]
[8.1, 20.6]
[16.1, 1.5999999999999996]
[14.1, 14.6]
[1.0999999999999996, 18.6]
[5.1, 1.5999999999999996]
[10.1, 20.6]
[12.1, 5.6]
[12.1, 5.6]
[8.1, 19.799999999999997]
[14.1, 12.6]
[1.0999999999999996, 16.6]
[10.1, 20.6]
[17.1, 14.6]
[11.1, 20.6]
[14.1, 8.6]
[12.1, 5.6]
[1.0999999999999996, 8.6]
[14.1, 6.6]
[1.0999999999999996, 10.6]
[1.0999999999999996, 11.6]
[14.1, 2.5999999999999996]
[7.1, 4.6]
[14.1, 20.6]
[12.1, 1.5999999999999996]
[8.1, 19.799999999999997]
[6.1, 5.6]
[9.1, 2.5999999999999996]
[15.1, 4.6]
[14.1, 13.6]
[5.1, 19.799999999999997]
[1.0999999999999996, 9.6]
[6.1, 1.5999999999999996]
[9.1, 19.799999999999997]
[9.1, 1.5999999999999996]
[15.1, 17.6]
[1.0999999999999996, 7.6]
[1.0999999999999996, 17.6]
[9.1, 1.5999999999999996]
[7.1, 4.6]
[16.1, 8.6]
[12.1, 5.6]
[14.1, 9.6]
[17.1, 9.6]
[1.0999999999999996, 11.6]
[1.0999999999999996, 11.6]
[12.1, 4.6]
[9.1, 1.5999999999999996]
[8.1, 3.5999999999999996]
[8.1, 19.799999999999997]
[8.1, 4.6]
[12.1, 8.6]
[15.1, 14.6]
[17.1, 11.6]
[17.1, 15.6]
[15.1, 14.6]
[10.1, 20.6]
[1.0999999999999996, 1.5999999999999996]
[12.1, 6.6]
[14.1, 19.6]
[7.1, 19.799999999999997]
[10.1, 4.6]
[8.1, 19.799999999999997]
[15.1, 4.6]
[1.0999999999999996, 4.6]
[12.1, 2.5999999999999996]
[1.0999999999999996, 17.6]
[14.1, 10.6]
[7.1, 4.6]
[1.0999999999999996, 12.6]
[10.1, 21.6]
[16.1, 4.6]
[10.1, 2.5999999999999996]
[9.1, 1.5999999999999996]
[12.1, 2.5999999999999996]
[4.1, 7.6]
[1.0999999999999996, 21.6]
[10.1, 5.6]
[6.1, 19.799999999999997]
[17.1, 18.6]
[17.1, 5.6]
[10.1, 3.5999999999999996]
[1.0999999999999996, 16.6]
[16.1, 19.6]
[10.1, 21.6]
[11.1, 20.6]
[9.1, 1.5999999999999996]
[16.1, 16.6]
[14.1, 14.6]
[3.0999999999999996, 20.6]
[10.1, 21.6]
[3.0999999999999996, 21.6]
[11.1, 19.799999999999997]
[14.1, 9.6]
[1.0999999999999996, 20.6]
[1.0999999999999996, 10.6]
[15.1, 14.6]
[17.1, 9.6]
[7.1, 19.799999999999997]
[16.1, 5.6]
[4.1, 7.6]
[5.1, 3.5999999999999996]
[1.0999999999999996, 9.6]
[11.1, 20.6]
[11.1, 21.6]
[3.0999999999999996, 20.6]
[12.1, 3.5999999999999996]
[8.1, 4.6]
[5.1, 1.5999999999999996]
[1.0999999999999996, 19.6]
[5.1, 4.6]
[10.1, 21.6]
[14.1, 3.5999999999999996]
[6.1, 20.6]
[16.1, 4.6]
[6.1, 21.6]
[1.0999999999999996, 2.5999999999999996]
[4.1, 7.6]
[14.1, 9.6]
[5.1, 4.6]
[9.1, 20.6]
[3.0999999999999996, 7.6]
[16.1, 3.5999999999999996]
[1.0999999999999996, 10.6]
[7.1, 5.6]
[1.0999999999999996, 11.6]
[1.0999999999999996, 9.6]
[15.1, 17.6]
[6.1, 20.6]
[4.1, 7.6]
[1.0999999999999996, 9.6]
[6.1, 19.799999999999997]
[6.1, 4.6]
[14.1, 14.6]
[12.1, 2.5999999999999996]
[7.1, 5.6]
[1.0999999999999996, 9.6]
[4.1, 1.5999999999999996]
[4.1, 4.6]
[1.0999999999999996, 9.6]
[15.1, 18.6]
[1.0999999999999996, 1.5999999999999996]
[12.1, 20.6]
[1.0999999999999996, 21.6]
[14.1, 19.6]
[1.0999999999999996, 4.6]
[1.0999999999999996, 10.6]
[17.1, 4.6]
[14.1, 2.5999999999999996]
[6.1, 4.6]
[8.1, 3.5999999999999996]
[15.1, 16.6]
[12.1, 11.6]
[14.1, 4.6]
[4.1, 2.5999999999999996]
[10.1, 3.5999999999999996]
[12.1, 3.5999999999999996]
[12.1, 6.6]
[1.0999999999999996, 8.6]
[1.0999999999999996, 13.6]
[16.1, 21.6]
[6.1, 19.799999999999997]
[16.1, 5.6]
[15.1, 16.6]
[4.1, 5.6]
[14.1, 15.6]
[15.1, 4.6]
[17.1, 10.6]
[1.0999999999999996, 5.6]
[14.1, 17.6]
[12.1, 8.6]
[12.1, 14.6]
[15.1, 7.6]
[14.1, 20.6]
[1.0999999999999996, 9.6]
[14.1, 11.6]
[1.0999999999999996, 3.5999999999999996]
[4.1, 4.6]
[12.1, 2.5999999999999996]
[1.0999999999999996, 19.6]
[14.1, 14.6]
[1.0999999999999996, 20.6]
[4.1, 4.6]
[8.1, 4.6]
[8.1, 5.6]
[4.1, 4.6]
[6.1, 5.6]
[12.1, 10.6]
[15.1, 21.6]
[10.1, 20.6]
[4.1, 20.6]
[6.1, 5.6]
[14.1, 9.6]
[7.1, 3.5999999999999996]
[14.1, 7.6]
[14.1, 7.6]
[15.1, 3.5999999999999996]
[10.1, 4.6]
[12.1, 2.5999999999999996]
[16.1, 2.5999999999999996]
[15.1, 14.6]
[1.0999999999999996, 7.6]
[12.1, 3.5999999999999996]
[3.0999999999999996, 21.6]
[8.1, 21.6]
[4.1, 5.6]
[3.0999999999999996, 3.5999999999999996]
[1.0999999999999996, 8.6]
[4.1, 4.6]
[16.1, 19.6]
[1.0999999999999996, 19.6]
[16.1, 3.5999999999999996]
[14.1, 4.6]
[14.1, 18.6]
[17.1, 5.6]
[1.0999999999999996, 11.6]
[10.1, 20.6]
[9.1, 2.5999999999999996]
[14.1, 14.6]
[14.1, 7.6]
[15.1, 14.6]
[4.1, 7.6]
[8.1, 4.6]
[14.1, 16.6]
[12.1, 12.6]
[16.1, 11.6]
[14.1, 3.5999999999999996]
[9.1, 7.6]
[1.0999999999999996, 7.6]
[1.0999999999999996, 21.6]
[7.1, 3.5999999999999996]
[7.1, 4.6]
[14.1, 12.6]
[3.0999999999999996, 21.6]
[15.1, 10.6]
[5.1, 1.5999999999999996]
[14.1, 10.6]
[1.0999999999999996, 3.5999999999999996]
[1.0999999999999996, 17.6]
[5.1, 4.6]
[9.1, 20.6]
[1.0999999999999996, 4.6]
[1.0999999999999996, 11.6]
[15.1, 15.6]
[14.1, 14.6]
[14.1, 5.6]
[15.1, 20.6]
[1.0999999999999996, 2.5999999999999996]
[10.1, 5.6]
[17.1, 5.6]
[6.1, 4.6]
[4.1, 7.6]
[15.1, 17.6]
[14.1, 9.6]
[14.1, 8.6]
[1.0999999999999996, 11.6]
[3.0999999999999996, 2.5999999999999996]
[3.0999999999999996, 4.6]
[14.1, 8.6]
[1.0999999999999996, 4.6]
[1.0999999999999996, 4.6]
[8.1, 4.6]
[4.1, 2.5999999999999996]
[14.1, 1.5999999999999996]
[12.1, 13.6]
[17.1, 20.6]
[10.1, 21.6]
[16.1, 9.6]
[14.1, 7.6]
[12.1, 2.5999999999999996]
[11.1, 20.6]
[4.1, 1.5999999999999996]
[14.1, 7.6]
[14.1, 19.6]
[4.1, 4.6]
[9.1, 20.6]
[11.1, 19.799999999999997]
[16.1, 16.6]
[1.0999999999999996, 4.6]
[15.1, 21.6]
[9.1, 19.799999999999997]
[14.1, 16.6]
[16.1, 11.6]
[14.1, 7.6]
[16.1, 21.6]
[14.1, 16.6]
[1.0999999999999996, 18.6]
[14.1, 10.6]
[8.1, 3.5999999999999996]
[8.1, 19.799999999999997]
[14.1, 17.6]
[1.0999999999999996, 10.6]
[16.1, 1.5999999999999996]
[5.1, 4.6]
[3.0999999999999996, 4.6]
[15.1, 18.6]
[7.1, 3.5999999999999996]
[14.1, 1.5999999999999996]
[16.1, 13.6]
[17.1, 19.6]
[5.1, 3.5999999999999996]
[9.1, 19.799999999999997]
[15.1, 9.6]
[12.1, 11.6]
[5.1, 19.799999999999997]
[8.1, 5.6]
[14.1, 14.6]
[12.1, 10.6]
[14.1, 7.6]
[14.1, 7.6]
[17.1, 14.6]
[17.1, 7.6]
[10.1, 5.6]
[3.0999999999999996, 20.6]
[3.0999999999999996, 2.5999999999999996]
[14.1, 11.6]
[3.0999999999999996, 7.6]
[16.1, 3.5999999999999996]
[16.1, 13.6]
[11.1, 20.6]
[1.0999999999999996, 8.6]
[16.1, 8.6]
[14.1, 19.6]
[17.1, 12.6]
[16.1, 4.6]
[12.1, 1.5999999999999996]
[5.1, 19.799999999999997]
[1.0999999999999996, 11.6]
[4.1, 4.6]
[10.1, 7.6]
[8.1, 4.6]
[10.1, 1.5999999999999996]
[1.0999999999999996, 21.6]
[3.0999999999999996, 4.6]
[9.1, 19.799999999999997]
[16.1, 9.6]
[4.1, 7.6]
[1.0999999999999996, 17.6]
[12.1, 5.6]
[2.0999999999999996, 20.6]
[8.1, 3.5999999999999996]
[2.0999999999999996, 4.6]
[7.1, 4.6]
[15.1, 5.6]
[1.0999999999999996, 9.6]
[3.0999999999999996, 2.5999999999999996]
[5.1, 1.5999999999999996]
[17.1, 20.6]
[16.1, 11.6]
[17.1, 11.6]
[14.1, 6.6]
[12.1, 6.6]
[15.1, 21.6]
[14.1, 15.6]
[8.1, 4.6]
[3.0999999999999996, 3.5999999999999996]
[14.1, 7.6]
[4.1, 4.6]
[14.1, 10.6]
[3.0999999999999996, 2.5999999999999996]
[10.1, 4.6]
[5.1, 4.6]
[15.1, 14.6]
[7.1, 5.6]
[14.1, 6.6]
[10.1, 5.6]
[12.1, 5.6]
[14.1, 12.6]
[14.1, 7.6]
[9.1, 1.5999999999999996]
[16.1, 11.6]
[17.1, 3.5999999999999996]
[4.1, 7.6]
[14.1, 21.6]
[4.1, 21.6]
[6.1, 5.6]
[12.1, 7.6]
[7.1, 20.6]
[12.1, 5.6]
[12.1, 1.5999999999999996]
[1.0999999999999996, 9.6]
[15.1, 7.6]
[4.1, 2.5999999999999996]
[15.1, 10.6]
[3.0999999999999996, 21.6]
[14.1, 3.5999999999999996]
[11.1, 21.6]
[12.1, 5.6]
[1.0999999999999996, 3.5999999999999996]
[12.1, 10.6]
[3.0999999999999996, 4.6]
[6.1, 4.6]
[14.1, 1.5999999999999996]
[1.0999999999999996, 17.6]
[14.1, 9.6]
[14.1, 17.6]
[12.1, 2.5999999999999996]
[1.0999999999999996, 9.6]
[12.1, 5.6]
[11.1, 19.799999999999997]
[6.1, 19.799999999999997]
[15.1, 4.6]
[6.1, 20.6]
[14.1, 16.6]
[15.1, 2.5999999999999996]
[17.1, 18.6]
[12.1, 5.6]
[6.1, 5.6]
[17.1, 11.6]
[14.1, 6.6]
[1.0999999999999996, 2.5999999999999996]
[15.1, 1.5999999999999996]
[10.1, 3.5999999999999996]
[8.1, 4.6]
[5.1, 4.6]
[9.1, 2.5999999999999996]
[12.1, 2.5999999999999996]
[9.1, 21.6]
[4.1, 1.5999999999999996]
[17.1, 5.6]
[15.1, 10.6]
[14.1, 18.6]
[10.1, 7.6]
[4.1, 7.6]
[15.1, 4.6]
[12.1, 5.6]
[1.0999999999999996, 4.6]
[14.1, 9.6]
[4.1, 4.6]
[3.0999999999999996, 4.6]
[7.1, 4.6]
[9.1, 21.6]
[6.1, 21.6]
[14.1, 2.5999999999999996]
[1.0999999999999996, 13.6]
[12.1, 21.6]
[9.1, 1.5999999999999996]
[5.1, 1.5999999999999996]
[5.1, 21.6]
[17.1, 14.6]
[17.1, 5.6]
[9.1, 21.6]
[9.1, 2.5999999999999996]
[17.1, 18.6]
[6.1, 19.799999999999997]
[3.0999999999999996, 5.6]
[1.0999999999999996, 10.6]
[5.1, 7.6]
[4.1, 2.5999999999999996]
[3.0999999999999996, 7.6]
[12.1, 3.5999999999999996]
[16.1, 1.5999999999999996]
[4.1, 7.6]
[7.1, 4.6]
[12.1, 8.6]
[14.1, 12.6]
[5.1, 21.6]
[16.1, 4.6]
[14.1, 13.6]
[15.1, 7.6]
[14.1, 9.6]
[1.0999999999999996, 8.6]
[12.1, 4.6]
[5.1, 4.6]
[17.1, 1.5999999999999996]
[16.1, 13.6]
[9.1, 4.6]
[1.0999999999999996, 10.6]
[6.1, 5.6]
[1.0999999999999996, 9.6]
[2.0999999999999996, 7.6]
[12.1, 13.6]
[14.1, 20.6]
[1.0999999999999996, 4.6]
[6.1, 19.799999999999997]
[15.1, 7.6]
[15.1, 18.6]
[17.1, 18.6]
[1.0999999999999996, 10.6]
[16.1, 13.6]
[8.1, 3.5999999999999996]
[6.1, 19.799999999999997]
[15.1, 4.6]
[1.0999999999999996, 14.6]
[16.1, 5.6]
[1.0999999999999996, 2.5999999999999996]
[3.0999999999999996, 20.6]
[1.0999999999999996, 10.6]
[12.1, 1.5999999999999996]
[14.1, 15.6]
[16.1, 9.6]
[15.1, 18.6]
[1.0999999999999996, 10.6]
[10.1, 19.799999999999997]
[9.1, 20.6]
[6.1, 20.6]
[4.1, 1.5999999999999996]
[8.1, 21.6]
[3.0999999999999996, 3.5999999999999996]
[5.1, 3.5999999999999996]
[5.1, 1.5999999999999996]
[4.1, 5.6]
[1.0999999999999996, 20.6]
[14.1, 9.6]
[3.0999999999999996, 4.6]
[10.1, 1.5999999999999996]
[4.1, 1.5999999999999996]
[9.1, 2.5999999999999996]
[14.1, 1.5999999999999996]
[1.0999999999999996, 10.6]
[4.1, 1.5999999999999996]
[14.1, 6.6]
[9.1, 4.6]
[2.0999999999999996, 4.6]
[14.1, 1.5999999999999996]
[15.1, 17.6]
[14.1, 6.6]
[15.1, 3.5999999999999996]
[17.1, 3.5999999999999996]
[6.1, 4.6]
[4.1, 1.5999999999999996]
[1.0999999999999996, 16.6]
[3.0999999999999996, 2.5999999999999996]
[5.1, 4.6]
[12.1, 6.6]
[12.1, 4.6]
[11.1, 19.799999999999997]
[14.1, 9.6]
[12.1, 6.6]
[15.1, 5.6]
[14.1, 14.6]
[1.0999999999999996, 9.6]
[14.1, 18.6]
[1.0999999999999996, 9.6]
[12.1, 2.5999999999999996]
[12.1, 4.6]
[14.1, 10.6]
[1.0999999999999996, 5.6]
[5.1, 19.799999999999997]
[14.1, 8.6]
[14.1, 6.6]
[14.1, 7.6]
[14.1, 20.6]
[16.1, 1.5999999999999996]
[12.1, 2.5999999999999996]
[14.1, 13.6]
[8.1, 19.799999999999997]
[1.0999999999999996, 1.5999999999999996]
[14.1, 18.6]
[3.0999999999999996, 1.5999999999999996]
[17.1, 18.6]
[12.1, 2.5999999999999996]
[14.1, 6.6]
[12.1, 3.5999999999999996]
[15.1, 14.6]
[11.1, 21.6]
[1.0999999999999996, 15.6]
[15.1, 20.6]
[5.1, 1.5999999999999996]
[4.1, 2.5999999999999996]
[1.0999999999999996, 17.6]
[15.1, 1.5999999999999996]
[6.1, 5.6]
[1.0999999999999996, 11.6]
[14.1, 3.5999999999999996]
[12.1, 3.5999999999999996]
[5.1, 3.5999999999999996]
[12.1, 1.5999999999999996]
[14.1, 15.6]
[3.0999999999999996, 2.5999999999999996]
[10.1, 19.799999999999997]
[3.0999999999999996, 4.6]
[8.1, 19.799999999999997]
[15.1, 16.6]
[6.1, 5.6]
[14.1, 14.6]
[15.1, 16.6]
[14.1, 7.6]
[10.1, 21.6]
[4.1, 2.5999999999999996]
[1.0999999999999996, 4.6]
[15.1, 9.6]
[16.1, 1.5999999999999996]
[1.0999999999999996, 9.6]
[14.1, 10.6]
[15.1, 17.6]
[1.0999999999999996, 20.6]
[6.1, 21.6]
[1.0999999999999996, 1.5999999999999996]
[14.1, 8.6]
[15.1, 9.6]
[14.1, 20.6]
[9.1, 1.5999999999999996]
[15.1, 4.6]
[14.1, 7.6]
[1.0999999999999996, 4.6]
[14.1, 16.6]
[1.0999999999999996, 17.6]
[7.1, 19.799999999999997]
[12.1, 7.6]
[17.1, 18.6]
[5.1, 19.799999999999997]
[12.1, 2.5999999999999996]
[1.0999999999999996, 8.6]
[9.1, 1.5999999999999996]
[14.1, 9.6]
[16.1, 14.6]
[6.1, 21.6]
[12.1, 8.6]
[1.0999999999999996, 9.6]
[9.1, 4.6]
[5.1, 3.5999999999999996]
[10.1, 20.6]
[17.1, 3.5999999999999996]
[1.0999999999999996, 4.6]
[8.1, 4.6]
[1.0999999999999996, 15.6]
[12.1, 5.6]
[1.0999999999999996, 12.6]
[15.1, 4.6]
[9.1, 1.5999999999999996]
[17.1, 18.6]
[5.1, 3.5999999999999996]
[14.1, 3.5999999999999996]
[4.1, 19.799999999999997]
[17.1, 8.6]
[1.0999999999999996, 11.6]
[1.0999999999999996, 7.6]
[17.1, 18.6]
[4.1, 19.799999999999997]
[14.1, 7.6]
[1.0999999999999996, 9.6]
[17.1, 1.5999999999999996]
[1.0999999999999996, 2.5999999999999996]
[1.0999999999999996, 3.5999999999999996]
[1.0999999999999996, 7.6]
[16.1, 12.6]
[17.1, 2.5999999999999996]
[6.1, 4.6]
[17.1, 5.6]
[3.0999999999999996, 5.6]
[6.1, 19.799999999999997]
[4.1, 2.5999999999999996]
[1.0999999999999996, 21.6]
[16.1, 4.6]
[14.1, 1.5999999999999996]
[12.1, 20.6]
[15.1, 2.5999999999999996]
[6.1, 3.5999999999999996]
[10.1, 2.5999999999999996]
[17.1, 5.6]
[15.1, 21.6]
[4.1, 2.5999999999999996]
[15.1, 14.6]
[3.0999999999999996, 20.6]
[12.1, 15.6]
[1.0999999999999996, 9.6]
[14.1, 7.6]
[8.1, 5.6]
[15.1, 17.6]
[14.1, 16.6]
[3.0999999999999996, 4.6]
[7.1, 5.6]
[14.1, 17.6]
[14.1, 15.6]
[16.1, 19.6]
[4.1, 19.799999999999997]
[8.1, 19.799999999999997]
[6.1, 4.6]
[4.1, 4.6]
[1.0999999999999996, 8.6]
[1.0999999999999996, 13.6]
[16.1, 4.6]
[14.1, 18.6]
[8.1, 7.6]
[12.1, 4.6]
[5.1, 3.5999999999999996]
[14.1, 6.6]
[14.1, 7.6]
[10.1, 2.5999999999999996]
[16.1, 13.6]
[3.0999999999999996, 2.5999999999999996]
[14.1, 1.5999999999999996]
[6.1, 19.799999999999997]
[2.0999999999999996, 19.799999999999997]
[16.1, 21.6]
[1.0999999999999996, 21.6]
[12.1, 11.6]
[15.1, 2.5999999999999996]
[7.1, 4.6]
[7.1, 4.6]
[15.1, 2.5999999999999996]
[1.0999999999999996, 11.6]
[3.0999999999999996, 3.5999999999999996]
[1.0999999999999996, 11.6]
[15.1, 2.5999999999999996]
[12.1, 6.6]
[14.1, 4.6]
[14.1, 2.5999999999999996]
[17.1, 9.6]
[9.1, 1.5999999999999996]
[14.1, 9.6]
[15.1, 3.5999999999999996]
[17.1, 20.6]
[17.1, 10.6]
[5.1, 3.5999999999999996]
[6.1, 5.6]
[6.1, 3.5999999999999996]
[16.1, 13.6]
[3.0999999999999996, 21.6]
[16.1, 21.6]
[1.0999999999999996, 2.5999999999999996]
[9.1, 7.6]
[1.0999999999999996, 20.6]
[9.1, 4.6]
[3.0999999999999996, 4.6]
[1.0999999999999996, 7.6]
[14.1, 17.6]
[10.1, 20.6]
[1.0999999999999996, 3.5999999999999996]
[1.0999999999999996, 4.6]
[12.1, 3.5999999999999996]
[14.1, 10.6]
[8.1, 4.6]
[12.1, 2.5999999999999996]
[14.1, 5.6]
[4.1, 21.6]
[17.1, 16.6]
[14.1, 5.6]
[4.1, 7.6]
[15.1, 21.6]
[17.1, 7.6]
[15.1, 8.6]
[9.1, 2.5999999999999996]
[10.1, 20.6]
[1.0999999999999996, 1.5999999999999996]
[14.1, 19.6]
[15.1, 16.6]
[4.1, 4.6]
[4.1, 5.6]
[6.1, 5.6]
[14.1, 7.6]
[16.1, 1.5999999999999996]
[14.1, 7.6]
[12.1, 7.6]
[8.1, 4.6]
[14.1, 5.6]
[17.1, 1.5999999999999996]
[5.1, 1.5999999999999996]
[3.0999999999999996, 3.5999999999999996]
[14.1, 2.5999999999999996]
[10.1, 1.5999999999999996]
[7.1, 2.5999999999999996]
[14.1, 18.6]
[1.0999999999999996, 9.6]
[16.1, 12.6]
[15.1, 2.5999999999999996]
[1.0999999999999996, 3.5999999999999996]
[8.1, 19.799999999999997]
[3.0999999999999996, 7.6]
[14.1, 14.6]
[14.1, 7.6]
[12.1, 18.6]
[12.1, 14.6]
[1.0999999999999996, 15.6]
[12.1, 1.5999999999999996]
[12.1, 4.6]
[1.0999999999999996, 3.5999999999999996]
[1.0999999999999996, 3.5999999999999996]
[6.1, 19.799999999999997]
[10.1, 20.6]
[16.1, 21.6]
[14.1, 2.5999999999999996]
[1.0999999999999996, 2.5999999999999996]
[15.1, 20.6]
[14.1, 5.6]
[1.0999999999999996, 4.6]
[17.1, 9.6]
[15.1, 1.5999999999999996]
[15.1, 9.6]
[1.0999999999999996, 19.6]
[17.1, 16.6]
[12.1, 7.6]
[17.1, 9.6]
[6.1, 4.6]
[1.0999999999999996, 8.6]
[8.1, 19.799999999999997]
[4.1, 5.6]
[4.1, 1.5999999999999996]
[1.0999999999999996, 17.6]
[14.1, 3.5999999999999996]
[10.1, 2.5999999999999996]
[12.1, 10.6]
[6.1, 3.5999999999999996]
[8.1, 2.5999999999999996]
[1.0999999999999996, 2.5999999999999996]
[1.0999999999999996, 21.6]
[1.0999999999999996, 20.6]
[3.0999999999999996, 1.5999999999999996]
[3.0999999999999996, 4.6]
[9.1, 21.6]
[16.1, 17.6]
[1.0999999999999996, 11.6]
[15.1, 2.5999999999999996]
[7.1, 3.5999999999999996]
[10.1, 20.6]
[12.1, 7.6]
[14.1, 4.6]
[4.1, 7.6]
[2.0999999999999996, 7.6]
[17.1, 18.6]
[1.0999999999999996, 17.6]
[12.1, 1.5999999999999996]
[1.0999999999999996, 2.5999999999999996]
[17.1, 9.6]
[1.0999999999999996, 16.6]
[1.0999999999999996, 16.6]
[16.1, 11.6]
[12.1, 6.6]
[2.0999999999999996, 20.6]
[10.1, 4.6]
[17.1, 17.6]
[5.1, 19.799999999999997]
[8.1, 4.6]
[10.1, 2.5999999999999996]
[15.1, 17.6]
[4.1, 2.5999999999999996]
[10.1, 20.6]
[4.1, 19.799999999999997]
[15.1, 5.6]
[1.0999999999999996, 11.6]
[1.0999999999999996, 12.6]
[1.0999999999999996, 20.6]
[3.0999999999999996, 7.6]
[8.1, 21.6]
[15.1, 10.6]
[3.0999999999999996, 21.6]
[15.1, 15.6]
[14.1, 11.6]
[12.1, 4.6]
[14.1, 9.6]
[9.1, 20.6]
[1.0999999999999996, 14.6]
[1.0999999999999996, 10.6]
[14.1, 7.6]
[1.0999999999999996, 12.6]
[17.1, 8.6]
[17.1, 5.6]
[1.0999999999999996, 19.6]
[4.1, 2.5999999999999996]
[1.0999999999999996, 3.5999999999999996]
[2.0999999999999996, 19.799999999999997]
[1.0999999999999996, 9.6]
[4.1, 19.799999999999997]
[7.1, 5.6]
[17.1, 15.6]
[16.1, 12.6]
[15.1, 4.6]
[17.1, 4.6]
[1.0999999999999996, 20.6]
[8.1, 7.6]
[1.0999999999999996, 3.5999999999999996]
[4.1, 1.5999999999999996]
[10.1, 3.5999999999999996]
[15.1, 14.6]
[10.1, 1.5999999999999996]
[14.1, 7.6]
[15.1, 14.6]
[8.1, 7.6]
[1.0999999999999996, 14.6]
[1.0999999999999996, 16.6]
[1.0999999999999996, 10.6]
[12.1, 4.6]
[14.1, 7.6]
[14.1, 2.5999999999999996]
[14.1, 7.6]
[1.0999999999999996, 9.6]
[1.0999999999999996, 15.6]
[12.1, 14.6]
[12.1, 5.6]
[4.1, 4.6]
[11.1, 20.6]
[12.1, 4.6]
[9.1, 21.6]
[8.1, 4.6]
[12.1, 2.5999999999999996]
[3.0999999999999996, 4.6]
[1.0999999999999996, 5.6]
[9.1, 4.6]
[14.1, 12.6]
[14.1, 7.6]
[14.1, 16.6]
[12.1, 5.6]
[16.1, 3.5999999999999996]
[12.1, 13.6]
[16.1, 5.6]
[12.1, 21.6]
[15.1, 4.6]
[7.1, 1.5999999999999996]
[1.0999999999999996, 1.5999999999999996]
[14.1, 6.6]
[4.1, 2.5999999999999996]
[1.0999999999999996, 10.6]
[5.1, 21.6]
[9.1, 2.5999999999999996]
[14.1, 14.6]
[16.1, 1.5999999999999996]
[14.1, 7.6]
[15.1, 16.6]
[17.1, 21.6]
[8.1, 4.6]
[8.1, 4.6]
[17.1, 15.6]
[17.1, 20.6]
[4.1, 19.799999999999997]
[1.0999999999999996, 15.6]
[2.0999999999999996, 7.6]
[17.1, 9.6]
[1.0999999999999996, 4.6]
[3.0999999999999996, 1.5999999999999996]
[4.1, 19.799999999999997]
[12.1, 21.6]
[1.0999999999999996, 21.6]
[6.1, 19.799999999999997]
[4.1, 1.5999999999999996]
[7.1, 5.6]
[10.1, 21.6]
[12.1, 5.6]
[4.1, 2.5999999999999996]
[17.1, 8.6]
[8.1, 4.6]
[12.1, 6.6]
[14.1, 9.6]
[2.0999999999999996, 7.6]
[14.1, 20.6]
[16.1, 9.6]
[4.1, 7.6]
[1.0999999999999996, 9.6]
[1.0999999999999996, 8.6]
[1.0999999999999996, 4.6]
[14.1, 17.6]
[6.1, 19.799999999999997]
[16.1, 10.6]
[16.1, 13.6]
[15.1, 9.6]
[17.1, 17.6]
[16.1, 17.6]
[12.1, 1.5999999999999996]
[15.1, 21.6]
[14.1, 6.6]
[15.1, 5.6]
[12.1, 14.6]
[17.1, 19.6]
[15.1, 4.6]
[4.1, 19.799999999999997]
[4.1, 5.6]
[4.1, 4.6]
[14.1, 18.6]
[7.1, 19.799999999999997]
[11.1, 20.6]
[7.1, 4.6]
[1.0999999999999996, 9.6]
[1.0999999999999996, 8.6]
[3.0999999999999996, 2.5999999999999996]
[14.1, 17.6]
[1.0999999999999996, 1.5999999999999996]
[12.1, 4.6]
[1.0999999999999996, 8.6]
[17.1, 20.6]
[12.1, 6.6]
[16.1, 21.6]
[16.1, 5.6]
[12.1, 10.6]
[17.1, 7.6]
[6.1, 5.6]
[12.1, 8.6]
[15.1, 16.6]
[16.1, 2.5999999999999996]
[1.0999999999999996, 5.6]
[3.0999999999999996, 4.6]
[16.1, 3.5999999999999996]
[8.1, 20.6]
[17.1, 21.6]
[1.0999999999999996, 2.5999999999999996]
[3.0999999999999996, 1.5999999999999996]
[14.1, 1.5999999999999996]
[16.1, 14.6]
[16.1, 5.6]
[4.1, 7.6]
[12.1, 10.6]
[8.1, 4.6]
[17.1, 17.6]
[3.0999999999999996, 3.5999999999999996]
[3.0999999999999996, 20.6]
[12.1, 2.5999999999999996]
[17.1, 9.6]
[6.1, 20.6]
[16.1, 17.6]
[1.0999999999999996, 9.6]
[1.0999999999999996, 15.6]
[10.1, 20.6]
[5.1, 2.5999999999999996]
[4.1, 4.6]
[3.0999999999999996, 2.5999999999999996]
[14.1, 17.6]
[14.1, 7.6]
[16.1, 9.6]
[14.1, 14.6]
[3.0999999999999996, 20.6]
[10.1, 21.6]
[14.1, 13.6]
[16.1, 11.6]
[14.1, 12.6]
[14.1, 2.5999999999999996]
[1.0999999999999996, 9.6]
[12.1, 2.5999999999999996]
[5.1, 4.6]
[4.1, 5.6]
[9.1, 4.6]
[7.1, 3.5999999999999996]
[12.1, 1.5999999999999996]
[16.1, 7.6]
[1.0999999999999996, 9.6]
[15.1, 4.6]
[4.1, 4.6]
[10.1, 21.6]
[15.1, 13.6]
[12.1, 7.6]
[4.1, 2.5999999999999996]
[14.1, 7.6]
[1.0999999999999996, 9.6]
[17.1, 21.6]
[15.1, 9.6]
[10.1, 5.6]
[15.1, 5.6]
[10.1, 5.6]
[3.0999999999999996, 4.6]
[6.1, 19.799999999999997]
[11.1, 20.6]
[10.1, 19.799999999999997]
[1.0999999999999996, 10.6]
[11.1, 19.799999999999997]
[1.0999999999999996, 14.6]
[10.1, 3.5999999999999996]
[9.1, 19.799999999999997]
[15.1, 18.6]
[16.1, 5.6]
[4.1, 1.5999999999999996]
[14.1, 8.6]
[15.1, 3.5999999999999996]
[10.1, 19.799999999999997]
[15.1, 18.6]
[9.1, 1.5999999999999996]
[1.0999999999999996, 17.6]
[1.0999999999999996, 2.5999999999999996]
[10.1, 5.6]
[6.1, 5.6]
[3.0999999999999996, 4.6]
[3.0999999999999996, 21.6]
[12.1, 5.6]
[11.1, 20.6]
[15.1, 18.6]
[6.1, 19.799999999999997]
[14.1, 13.6]
[17.1, 5.6]
[6.1, 7.6]
[17.1, 8.6]
[3.0999999999999996, 21.6]
[4.1, 4.6]
[2.0999999999999996, 20.6]
[14.1, 8.6]
[15.1, 5.6]
[17.1, 16.6]
[10.1, 2.5999999999999996]
[3.0999999999999996, 20.6]
[9.1, 1.5999999999999996]
[16.1, 1.5999999999999996]
[6.1, 3.5999999999999996]
[7.1, 4.6]
[10.1, 3.5999999999999996]
[12.1, 14.6]
[16.1, 17.6]
[3.0999999999999996, 7.6]
[14.1, 16.6]
[1.0999999999999996, 14.6]
[1.0999999999999996, 9.6]
[14.1, 18.6]
[8.1, 19.799999999999997]
[8.1, 20.6]
[4.1, 19.799999999999997]
[1.0999999999999996, 12.6]
[4.1, 5.6]
[1.0999999999999996, 10.6]
[3.0999999999999996, 7.6]
[12.1, 13.6]
[15.1, 14.6]
[16.1, 7.6]
[1.0999999999999996, 21.6]
[1.0999999999999996, 11.6]
[4.1, 4.6]
[5.1, 3.5999999999999996]
[12.1, 7.6]
[4.1, 19.799999999999997]
[3.0999999999999996, 4.6]
[17.1, 18.6]
[4.1, 2.5999999999999996]
[4.1, 21.6]
[10.1, 2.5999999999999996]
[1.0999999999999996, 10.6]
[7.1, 3.5999999999999996]
[14.1, 9.6]
[14.1, 15.6]
[8.1, 4.6]
[12.1, 2.5999999999999996]
[14.1, 2.5999999999999996]
[12.1, 2.5999999999999996]
[6.1, 20.6]
[7.1, 19.799999999999997]
[4.1, 7.6]
[9.1, 19.799999999999997]
[7.1, 21.6]
[5.1, 4.6]
[16.1, 6.6]
[1.0999999999999996, 1.5999999999999996]
[17.1, 1.5999999999999996]
[1.0999999999999996, 1.5999999999999996]
[15.1, 17.6]
[8.1, 4.6]
[7.1, 19.799999999999997]
[14.1, 6.6]
[1.0999999999999996, 21.6]
[2.0999999999999996, 20.6]
[14.1, 17.6]
[14.1, 20.6]
[4.1, 7.6]
[4.1, 4.6]
[17.1, 16.6]
[7.1, 3.5999999999999996]
[15.1, 7.6]
[16.1, 5.6]
[7.1, 19.799999999999997]
[12.1, 6.6]
[14.1, 14.6]
[14.1, 5.6]
[3.0999999999999996, 2.5999999999999996]
[14.1, 9.6]
[14.1, 6.6]
[17.1, 12.6]
[10.1, 21.6]
[4.1, 1.5999999999999996]
[7.1, 19.799999999999997]
[10.1, 5.6]
[4.1, 19.799999999999997]
[17.1, 19.6]
[14.1, 2.5999999999999996]
[10.1, 4.6]
[5.1, 7.6]
[17.1, 12.6]
[15.1, 21.6]
[9.1, 1.5999999999999996]
[14.1, 7.6]
[8.1, 5.6]
[1.0999999999999996, 7.6]
[14.1, 12.6]
[3.0999999999999996, 20.6]
[12.1, 1.5999999999999996]
[12.1, 8.6]
[4.1, 19.799999999999997]
[14.1, 16.6]
[14.1, 17.6]
[1.0999999999999996, 10.6]
[12.1, 2.5999999999999996]
[1.0999999999999996, 16.6]
[14.1, 19.6]
[15.1, 15.6]
[7.1, 3.5999999999999996]
[3.0999999999999996, 7.6]
[3.0999999999999996, 4.6]
[14.1, 13.6]
[14.1, 18.6]
[12.1, 4.6]
[16.1, 13.6]
[16.1, 13.6]
[14.1, 18.6]
[16.1, 9.6]
[10.1, 3.5999999999999996]
[2.0999999999999996, 19.799999999999997]
[17.1, 15.6]
[12.1, 2.5999999999999996]
[1.0999999999999996, 10.6]
[10.1, 2.5999999999999996]
[15.1, 21.6]
[12.1, 4.6]
[14.1, 5.6]
[1.0999999999999996, 11.6]
[15.1, 16.6]
[12.1, 10.6]
[10.1, 4.6]
[14.1, 9.6]
[12.1, 2.5999999999999996]
[10.1, 3.5999999999999996]
[6.1, 4.6]
[3.0999999999999996, 3.5999999999999996]
[14.1, 15.6]
[12.1, 6.6]
[1.0999999999999996, 21.6]
[1.0999999999999996, 17.6]
[16.1, 5.6]
[16.1, 19.6]
[3.0999999999999996, 4.6]
[12.1, 14.6]
[9.1, 19.799999999999997]
[17.1, 20.6]
[8.1, 7.6]
[17.1, 9.6]
[7.1, 21.6]
[4.1, 2.5999999999999996]
[1.0999999999999996, 4.6]
[14.1, 14.6]
[14.1, 7.6]
[1.0999999999999996, 10.6]
[15.1, 14.6]
[16.1, 4.6]
[14.1, 9.6]
[16.1, 8.6]
[15.1, 20.6]
[12.1, 4.6]
[8.1, 3.5999999999999996]
[6.1, 1.5999999999999996]
[15.1, 16.6]
[14.1, 6.6]
[3.0999999999999996, 4.6]
[15.1, 17.6]
[14.1, 7.6]
[1.0999999999999996, 9.6]
[1.0999999999999996, 1.5999999999999996]
[7.1, 19.799999999999997]
[17.1, 18.6]
[8.1, 19.799999999999997]
[14.1, 10.6]
[6.1, 19.799999999999997]
[10.1, 4.6]
[17.1, 8.6]
[4.1, 1.5999999999999996]
[16.1, 2.5999999999999996]
[9.1, 1.5999999999999996]
[12.1, 6.6]
[16.1, 6.6]
[10.1, 5.6]
[14.1, 3.5999999999999996]
[3.0999999999999996, 4.6]
[15.1, 20.6]
[1.0999999999999996, 10.6]
[15.1, 18.6]
[14.1, 11.6]
[3.0999999999999996, 20.6]
[1.0999999999999996, 15.6]
[3.0999999999999996, 4.6]
[14.1, 1.5999999999999996]
[14.1, 3.5999999999999996]
[11.1, 21.6]
[16.1, 5.6]
[16.1, 21.6]
[15.1, 14.6]
[14.1, 20.6]
[17.1, 18.6]
[1.0999999999999996, 5.6]
[10.1, 4.6]
[6.1, 4.6]
[4.1, 2.5999999999999996]
[16.1, 12.6]
[9.1, 19.799999999999997]
[1.0999999999999996, 14.6]
[1.0999999999999996, 20.6]
[16.1, 19.6]
[11.1, 19.799999999999997]
[9.1, 19.799999999999997]
[15.1, 14.6]
[17.1, 3.5999999999999996]
[1.0999999999999996, 12.6]
[16.1, 1.5999999999999996]
[17.1, 14.6]
[7.1, 3.5999999999999996]
[8.1, 3.5999999999999996]
[1.0999999999999996, 10.6]
[3.0999999999999996, 4.6]
[1.0999999999999996, 19.6]
[12.1, 5.6]
[12.1, 3.5999999999999996]
[14.1, 20.6]
[16.1, 8.6]
[9.1, 1.5999999999999996]
[14.1, 10.6]
[16.1, 19.6]
[4.1, 7.6]
[7.1, 20.6]
[10.1, 3.5999999999999996]
[7.1, 5.6]
[8.1, 5.6]
[14.1, 12.6]
[12.1, 14.6]
[16.1, 5.6]
[10.1, 4.6]
[9.1, 7.6]
[5.1, 1.5999999999999996]
[14.1, 13.6]
[3.0999999999999996, 2.5999999999999996]
[2.0999999999999996, 20.6]
[15.1, 5.6]
[12.1, 2.5999999999999996]
[1.0999999999999996, 11.6]
[14.1, 9.6]
[10.1, 5.6]
[14.1, 2.5999999999999996]
[3.0999999999999996, 2.5999999999999996]
[10.1, 4.6]
[1.0999999999999996, 4.6]
[5.1, 19.799999999999997]
[14.1, 2.5999999999999996]
[15.1, 5.6]
[10.1, 1.5999999999999996]
[12.1, 10.6]
[3.0999999999999996, 2.5999999999999996]
[6.1, 4.6]
[14.1, 21.6]
[1.0999999999999996, 10.6]
[3.0999999999999996, 1.5999999999999996]
[7.1, 1.5999999999999996]
[12.1, 13.6]
[6.1, 1.5999999999999996]
[10.1, 21.6]
[1.0999999999999996, 4.6]
[7.1, 21.6]
[14.1, 19.6]
[4.1, 4.6]
[9.1, 20.6]
[1.0999999999999996, 2.5999999999999996]
[14.1, 15.6]
[1.0999999999999996, 14.6]
[14.1, 15.6]
[14.1, 20.6]
[15.1, 11.6]
[9.1, 21.6]
[1.0999999999999996, 9.6]
[16.1, 8.6]
[1.0999999999999996, 21.6]
[12.1, 7.6]
[3.0999999999999996, 2.5999999999999996]
[1.0999999999999996, 9.6]
[9.1, 19.799999999999997]
[1.0999999999999996, 5.6]
[4.1, 7.6]
[14.1, 12.6]
[6.1, 7.6]
[12.1, 8.6]
[14.1, 8.6]
[16.1, 2.5999999999999996]
[7.1, 19.799999999999997]
[1.0999999999999996, 10.6]
[12.1, 5.6]
[3.0999999999999996, 4.6]
[8.1, 3.5999999999999996]
[8.1, 19.799999999999997]
[6.1, 4.6]
[16.1, 19.6]
[12.1, 2.5999999999999996]
[14.1, 19.6]
[14.1, 7.6]
[1.0999999999999996, 10.6]
[7.1, 5.6]
[14.1, 1.5999999999999996]
[8.1, 2.5999999999999996]
[1.0999999999999996, 19.6]
[4.1, 2.5999999999999996]
[14.1, 18.6]
[14.1, 16.6]
[1.0999999999999996, 10.6]
[4.1, 7.6]
[5.1, 4.6]
[3.0999999999999996, 4.6]
[15.1, 4.6]
[4.1, 7.6]
[14.1, 5.6]
[17.1, 18.6]
[3.0999999999999996, 20.6]
[4.1, 2.5999999999999996]
[7.1, 4.6]
[9.1, 1.5999999999999996]
[9.1, 21.6]
[1.0999999999999996, 10.6]
[14.1, 17.6]
[1.0999999999999996, 21.6]
[14.1, 7.6]
[4.1, 19.799999999999997]
[14.1, 10.6]
[12.1, 1.5999999999999996]
[12.1, 14.6]
[1.0999999999999996, 20.6]
[1.0999999999999996, 11.6]
[16.1, 1.5999999999999996]
[17.1, 5.6]
[17.1, 20.6]
[4.1, 4.6]
[4.1, 2.5999999999999996]
[1.0999999999999996, 21.6]
[14.1, 18.6]
[1.0999999999999996, 5.6]
[1.0999999999999996, 8.6]
[8.1, 3.5999999999999996]
[4.1, 7.6]
[17.1, 20.6]
[1.0999999999999996, 19.6]
[14.1, 4.6]
[12.1, 13.6]
[5.1, 4.6]
[14.1, 7.6]
[5.1, 1.5999999999999996]
[1.0999999999999996, 5.6]
[3.0999999999999996, 19.799999999999997]
[12.1, 2.5999999999999996]
[3.0999999999999996, 1.5999999999999996]
[14.1, 10.6]
[1.0999999999999996, 3.5999999999999996]
[12.1, 14.6]
[8.1, 3.5999999999999996]
[4.1, 1.5999999999999996]
[9.1, 19.799999999999997]
[17.1, 18.6]
[14.1, 1.5999999999999996]
[17.1, 20.6]
[12.1, 2.5999999999999996]
[15.1, 17.6]
[1.0999999999999996, 16.6]
[2.0999999999999996, 19.799999999999997]
[16.1, 11.6]
[10.1, 20.6]
[15.1, 5.6]
[12.1, 10.6]
[12.1, 13.6]
[1.0999999999999996, 14.6]
[8.1, 19.799999999999997]
[3.0999999999999996, 21.6]
[1.0999999999999996, 10.6]
[8.1, 4.6]
[17.1, 18.6]
[8.1, 3.5999999999999996]
[1.0999999999999996, 10.6]
[5.1, 1.5999999999999996]
[5.1, 19.799999999999997]
[1.0999999999999996, 5.6]
[17.1, 12.6]
[7.1, 21.6]
[1.0999999999999996, 4.6]
[15.1, 13.6]
[17.1, 20.6]
[14.1, 5.6]
[16.1, 4.6]
[1.0999999999999996, 4.6]
[14.1, 5.6]
[12.1, 7.6]
[8.1, 19.799999999999997]
[3.0999999999999996, 3.5999999999999996]
[6.1, 4.6]
[4.1, 2.5999999999999996]
[3.0999999999999996, 4.6]
[11.1, 20.6]
[15.1, 1.5999999999999996]
[7.1, 4.6]
[12.1, 4.6]
[6.1, 5.6]
[14.1, 15.6]
[1.0999999999999996, 12.6]
[1.0999999999999996, 17.6]
[5.1, 1.5999999999999996]
[6.1, 19.799999999999997]
[4.1, 19.799999999999997]
[10.1, 4.6]
[6.1, 5.6]
[4.1, 5.6]
[10.1, 21.6]
[3.0999999999999996, 5.6]
[17.1, 12.6]
[9.1, 19.799999999999997]
[3.0999999999999996, 5.6]
[8.1, 4.6]
[11.1, 21.6]
[12.1, 3.5999999999999996]
[1.0999999999999996, 9.6]
[16.1, 4.6]
[8.1, 19.799999999999997]
[15.1, 5.6]
[14.1, 9.6]
[15.1, 4.6]
[1.0999999999999996, 1.5999999999999996]
[4.1, 4.6]
[10.1, 19.799999999999997]
[12.1, 6.6]
[9.1, 1.5999999999999996]
[15.1, 7.6]
[12.1, 4.6]
[14.1, 19.6]
[15.1, 3.5999999999999996]
[17.1, 5.6]
[10.1, 21.6]
[16.1, 9.6]
[11.1, 20.6]
[8.1, 4.6]
[15.1, 7.6]
[15.1, 20.6]
[5.1, 3.5999999999999996]
[14.1, 13.6]
[4.1, 19.799999999999997]
[1.0999999999999996, 14.6]
[3.0999999999999996, 21.6]
[12.1, 3.5999999999999996]
[3.0999999999999996, 7.6]
[15.1, 21.6]
[10.1, 20.6]
[10.1, 2.5999999999999996]
[15.1, 5.6]
[1.0999999999999996, 21.6]
[10.1, 7.6]
[16.1, 12.6]
[8.1, 21.6]
[12.1, 12.6]
[14.1, 7.6]
[14.1, 3.5999999999999996]
[1.0999999999999996, 4.6]
[16.1, 17.6]
[14.1, 7.6]
[3.0999999999999996, 5.6]
[14.1, 11.6]
[9.1, 1.5999999999999996]
[12.1, 10.6]
[14.1, 18.6]
[12.1, 6.6]
[5.1, 19.799999999999997]
[17.1, 20.6]
[4.1, 4.6]
[1.0999999999999996, 13.6]
[1.0999999999999996, 21.6]
[1.0999999999999996, 14.6]
[3.0999999999999996, 2.5999999999999996]
[12.1, 20.6]
[9.1, 1.5999999999999996]
[12.1, 13.6]
[16.1, 5.6]
[12.1, 18.6]
[4.1, 21.6]
[7.1, 20.6]
[3.0999999999999996, 21.6]
[5.1, 19.799999999999997]
[16.1, 12.6]
[1.0999999999999996, 9.6]
[9.1, 19.799999999999997]
[17.1, 20.6]
[17.1, 9.6]
[1.0999999999999996, 7.6]
[1.0999999999999996, 19.6]
[16.1, 17.6]
[1.0999999999999996, 15.6]
[5.1, 3.5999999999999996]
[5.1, 1.5999999999999996]
[17.1, 3.5999999999999996]
[4.1, 21.6]
[1.0999999999999996, 21.6]
[1.0999999999999996, 1.5999999999999996]
[6.1, 4.6]
[1.0999999999999996, 9.6]
[14.1, 15.6]
[14.1, 7.6]
[7.1, 3.5999999999999996]
[7.1, 4.6]
[7.1, 4.6]
[1.0999999999999996, 8.6]
[1.0999999999999996, 9.6]
[12.1, 5.6]
[8.1, 21.6]
[16.1, 4.6]
[16.1, 1.5999999999999996]
[17.1, 8.6]
[8.1, 2.5999999999999996]
[14.1, 17.6]
[14.1, 6.6]
[1.0999999999999996, 9.6]
[6.1, 4.6]
[8.1, 4.6]
[14.1, 6.6]
[1.0999999999999996, 21.6]
[16.1, 3.5999999999999996]
[1.0999999999999996, 9.6]
[16.1, 11.6]
[14.1, 4.6]
[8.1, 21.6]
[7.1, 1.5999999999999996]
[1.0999999999999996, 9.6]
[16.1, 8.6]
[11.1, 21.6]
[5.1, 7.6]
[4.1, 19.799999999999997]
[14.1, 1.5999999999999996]
[14.1, 5.6]
[8.1, 20.6]
[12.1, 10.6]
[1.0999999999999996, 21.6]
[8.1, 5.6]
[16.1, 4.6]
[14.1, 1.5999999999999996]
[12.1, 5.6]
[16.1, 13.6]
[6.1, 3.5999999999999996]
[2.0999999999999996, 20.6]
[7.1, 20.6]
[1.0999999999999996, 9.6]
[12.1, 5.6]
[17.1, 15.6]
[14.1, 20.6]
[11.1, 19.799999999999997]
[16.1, 21.6]
[1.0999999999999996, 4.6]
[14.1, 7.6]
[10.1, 2.5999999999999996]
[6.1, 7.6]
[16.1, 5.6]
[15.1, 21.6]
[1.0999999999999996, 10.6]
[14.1, 7.6]
[11.1, 20.6]
[3.0999999999999996, 2.5999999999999996]
[16.1, 1.5999999999999996]
[7.1, 5.6]
[15.1, 5.6]
[5.1, 3.5999999999999996]
[16.1, 1.5999999999999996]
[6.1, 5.6]
[15.1, 1.5999999999999996]
[6.1, 20.6]
[3.0999999999999996, 20.6]
[15.1, 2.5999999999999996]
[5.1, 3.5999999999999996]
[2.0999999999999996, 4.6]
[1.0999999999999996, 11.6]
[17.1, 19.6]
[3.0999999999999996, 5.6]
[17.1, 5.6]
[1.0999999999999996, 20.6]
[4.1, 19.799999999999997]
[14.1, 19.6]
[12.1, 2.5999999999999996]
[12.1, 11.6]
[1.0999999999999996, 8.6]
[14.1, 13.6]
[3.0999999999999996, 20.6]
[14.1, 12.6]
[4.1, 20.6]
[1.0999999999999996, 8.6]
[14.1, 16.6]
[14.1, 11.6]
[8.1, 19.799999999999997]
[4.1, 19.799999999999997]
[7.1, 21.6]
[17.1, 12.6]
[5.1, 3.5999999999999996]
[17.1, 9.6]
[15.1, 4.6]
[3.0999999999999996, 7.6]
[14.1, 9.6]
[1.0999999999999996, 9.6]
[14.1, 9.6]
[6.1, 4.6]
[12.1, 1.5999999999999996]
[16.1, 13.6]
[9.1, 19.799999999999997]
[7.1, 5.6]
[2.0999999999999996, 19.799999999999997]
[1.0999999999999996, 15.6]
[14.1, 17.6]
[1.0999999999999996, 11.6]
[14.1, 15.6]
[5.1, 3.5999999999999996]
[10.1, 21.6]
[12.1, 2.5999999999999996]
[14.1, 14.6]
[3.0999999999999996, 5.6]
[12.1, 2.5999999999999996]
[9.1, 1.5999999999999996]
[16.1, 17.6]
[4.1, 4.6]
[4.1, 2.5999999999999996]
[16.1, 1.5999999999999996]
[14.1, 9.6]
[12.1, 10.6]
[17.1, 7.6]
[3.0999999999999996, 20.6]
[4.1, 19.799999999999997]
[8.1, 19.799999999999997]
[4.1, 4.6]
[10.1, 4.6]
[15.1, 10.6]
[15.1, 18.6]
[7.1, 4.6]
[4.1, 1.5999999999999996]
[14.1, 7.6]
[1.0999999999999996, 7.6]
[15.1, 1.5999999999999996]
[15.1, 17.6]
[8.1, 19.799999999999997]
[12.1, 2.5999999999999996]
[3.0999999999999996, 4.6]
[6.1, 21.6]
[8.1, 4.6]
[1.0999999999999996, 14.6]
[12.1, 11.6]
[14.1, 1.5999999999999996]
[3.0999999999999996, 21.6]
[8.1, 7.6]
[1.0999999999999996, 4.6]
[10.1, 19.799999999999997]
[14.1, 14.6]
[12.1, 7.6]
[14.1, 4.6]
[8.1, 19.799999999999997]
[15.1, 4.6]
[1.0999999999999996, 3.5999999999999996]
[1.0999999999999996, 10.6]
[15.1, 20.6]
[9.1, 21.6]
[5.1, 7.6]
[16.1, 3.5999999999999996]
[10.1, 5.6]
[5.1, 19.799999999999997]
[12.1, 5.6]
[14.1, 13.6]
[12.1, 9.6]
[4.1, 5.6]
[12.1, 14.6]
[10.1, 4.6]
[16.1, 19.6]
[12.1, 6.6]
[15.1, 1.5999999999999996]
[3.0999999999999996, 2.5999999999999996]
[12.1, 11.6]
[10.1, 4.6]
[3.0999999999999996, 3.5999999999999996]
[14.1, 7.6]
[1.0999999999999996, 9.6]
[14.1, 17.6]
[10.1, 4.6]
[7.1, 4.6]
[11.1, 19.799999999999997]
[17.1, 8.6]
[12.1, 14.6]
[17.1, 16.6]
[16.1, 3.5999999999999996]
[9.1, 20.6]
[5.1, 19.799999999999997]
[17.1, 20.6]
[14.1, 15.6]
[4.1, 19.799999999999997]
[14.1, 16.6]
[8.1, 2.5999999999999996]
[16.1, 3.5999999999999996]
[9.1, 4.6]
[3.0999999999999996, 20.6]
[16.1, 21.6]
[7.1, 4.6]
[14.1, 1.5999999999999996]
[14.1, 20.6]
[12.1, 3.5999999999999996]
[5.1, 2.5999999999999996]
[9.1, 19.799999999999997]
[12.1, 5.6]
[3.0999999999999996, 2.5999999999999996]
[1.0999999999999996, 11.6]
[15.1, 16.6]
[12.1, 10.6]
[1.0999999999999996, 18.6]
[4.1, 2.5999999999999996]
[9.1, 21.6]
[14.1, 7.6]
[14.1, 6.6]
[12.1, 10.6]
[16.1, 7.6]
[10.1, 21.6]
[15.1, 17.6]
[14.1, 9.6]
[8.1, 4.6]
[9.1, 20.6]
[10.1, 5.6]
[1.0999999999999996, 9.6]
[15.1, 9.6]
[1.0999999999999996, 8.6]
[1.0999999999999996, 16.6]
[10.1, 2.5999999999999996]
[17.1, 12.6]
[5.1, 3.5999999999999996]
[17.1, 1.5999999999999996]
[14.1, 6.6]
[12.1, 5.6]
[11.1, 20.6]
[15.1, 9.6]
[1.0999999999999996, 5.6]
[17.1, 9.6]
[15.1, 9.6]
[14.1, 16.6]
[7.1, 5.6]
[3.0999999999999996, 20.6]
[14.1, 18.6]
[16.1, 4.6]
[4.1, 21.6]
[12.1, 1.5999999999999996]
[12.1, 3.5999999999999996]
[10.1, 19.799999999999997]
[17.1, 21.6]
[14.1, 3.5999999999999996]
[1.0999999999999996, 14.6]
[16.1, 8.6]
[8.1, 7.6]
[4.1, 5.6]
[16.1, 17.6]
[4.1, 2.5999999999999996]
[6.1, 3.5999999999999996]
[14.1, 17.6]
[14.1, 1.5999999999999996]
[17.1, 18.6]
[1.0999999999999996, 20.6]
[12.1, 9.6]
[10.1, 5.6]
[5.1, 21.6]
[15.1, 5.6]
[16.1, 3.5999999999999996]
[1.0999999999999996, 17.6]
[12.1, 1.5999999999999996]
[11.1, 20.6]
[15.1, 7.6]
[14.1, 2.5999999999999996]
[4.1, 7.6]
[12.1, 2.5999999999999996]
[15.1, 18.6]
[16.1, 21.6]
[10.1, 19.799999999999997]
[1.0999999999999996, 8.6]
[12.1, 10.6]
[5.1, 3.5999999999999996]
[12.1, 4.6]
[12.1, 12.6]
[7.1, 21.6]
[14.1, 16.6]
[3.0999999999999996, 21.6]
[1.0999999999999996, 13.6]
[14.1, 16.6]
[1.0999999999999996, 16.6]
[17.1, 20.6]
[1.0999999999999996, 14.6]
[14.1, 6.6]
[14.1, 12.6]
[15.1, 14.6]
[9.1, 7.6]
[10.1, 4.6]
[14.1, 10.6]
[16.1, 13.6]
[11.1, 21.6]
[14.1, 14.6]
[7.1, 19.799999999999997]
[12.1, 4.6]
[16.1, 3.5999999999999996]
[12.1, 5.6]
[16.1, 16.6]
[1.0999999999999996, 14.6]
[1.0999999999999996, 19.6]
[14.1, 11.6]
[14.1, 20.6]
[1.0999999999999996, 4.6]
[16.1, 1.5999999999999996]
[9.1, 7.6]
[1.0999999999999996, 18.6]
[1.0999999999999996, 17.6]
[2.0999999999999996, 20.6]
[14.1, 8.6]
[1.0999999999999996, 10.6]
[7.1, 5.6]
[17.1, 9.6]
[14.1, 7.6]
[3.0999999999999996, 21.6]
[14.1, 7.6]
[1.0999999999999996, 4.6]
[14.1, 5.6]
[15.1, 9.6]
[12.1, 4.6]
[1.0999999999999996, 9.6]
[12.1, 14.6]
[17.1, 1.5999999999999996]
[16.1, 2.5999999999999996]
[17.1, 20.6]
[1.0999999999999996, 21.6]
[14.1, 7.6]
[12.1, 10.6]
[1.0999999999999996, 4.6]
[17.1, 18.6]
[3.0999999999999996, 3.5999999999999996]
[17.1, 8.6]
[17.1, 14.6]
[1.0999999999999996, 5.6]
[12.1, 1.5999999999999996]
[4.1, 4.6]
[7.1, 5.6]
[17.1, 20.6]
[4.1, 20.6]
[8.1, 19.799999999999997]
[1.0999999999999996, 5.6]
[4.1, 1.5999999999999996]
[1.0999999999999996, 9.6]
[14.1, 18.6]
[1.0999999999999996, 17.6]
[14.1, 15.6]
[11.1, 20.6]
[3.0999999999999996, 3.5999999999999996]
[15.1, 17.6]
[1.0999999999999996, 4.6]
[1.0999999999999996, 4.6]
[1.0999999999999996, 18.6]
[4.1, 1.5999999999999996]
[14.1, 1.5999999999999996]
[6.1, 5.6]
[1.0999999999999996, 8.6]
[1.0999999999999996, 7.6]
[5.1, 21.6]
[12.1, 4.6]
[3.0999999999999996, 20.6]
[9.1, 1.5999999999999996]
[17.1, 18.6]
[16.1, 19.6]
[14.1, 15.6]
[12.1, 2.5999999999999996]
[3.0999999999999996, 20.6]
[17.1, 14.6]
[2.0999999999999996, 7.6]
[12.1, 14.6]
[3.0999999999999996, 20.6]
[1.0999999999999996, 11.6]
[5.1, 19.799999999999997]
[6.1, 1.5999999999999996]
[14.1, 6.6]
[14.1, 1.5999999999999996]
[3.0999999999999996, 1.5999999999999996]
[11.1, 20.6]
[12.1, 9.6]
[6.1, 19.799999999999997]
[14.1, 7.6]
[12.1, 1.5999999999999996]
[10.1, 3.5999999999999996]
[4.1, 1.5999999999999996]
[7.1, 21.6]
[10.1, 7.6]
[12.1, 21.6]
[1.0999999999999996, 9.6]
[4.1, 7.6]
[14.1, 17.6]
[10.1, 3.5999999999999996]
[3.0999999999999996, 4.6]
[3.0999999999999996, 4.6]
[10.1, 21.6]
[7.1, 4.6]
[8.1, 7.6]
[4.1, 19.799999999999997]
[1.0999999999999996, 17.6]
[1.0999999999999996, 7.6]
[12.1, 1.5999999999999996]
[12.1, 1.5999999999999996]
[9.1, 19.799999999999997]
[4.1, 4.6]
[12.1, 5.6]
[8.1, 21.6]
[1.0999999999999996, 12.6]
[8.1, 7.6]
[4.1, 20.6]
[1.0999999999999996, 16.6]
[1.0999999999999996, 16.6]
[11.1, 20.6]
[14.1, 9.6]
[14.1, 9.6]
[12.1, 7.6]
[6.1, 19.799999999999997]
[12.1, 14.6]
[3.0999999999999996, 5.6]
[8.1, 3.5999999999999996]
[1.0999999999999996, 3.5999999999999996]
[14.1, 11.6]
[12.1, 3.5999999999999996]
[3.0999999999999996, 21.6]
[1.0999999999999996, 11.6]
[5.1, 4.6]
[1.0999999999999996, 15.6]
[14.1, 15.6]
[14.1, 7.6]
[4.1, 20.6]
[11.1, 20.6]
[1.0999999999999996, 5.6]
[1.0999999999999996, 11.6]
[12.1, 7.6]
[3.0999999999999996, 2.5999999999999996]
[14.1, 13.6]
[1.0999999999999996, 18.6]
[1.0999999999999996, 20.6]
[8.1, 7.6]
[8.1, 3.5999999999999996]
[3.0999999999999996, 21.6]
[4.1, 4.6]
[5.1, 1.5999999999999996]
[9.1, 19.799999999999997]
[3.0999999999999996, 20.6]
[4.1, 4.6]
[2.0999999999999996, 4.6]
[1.0999999999999996, 15.6]
[12.1, 11.6]
[12.1, 11.6]
[9.1, 19.799999999999997]
[14.1, 15.6]
[12.1, 10.6]
[7.1, 19.799999999999997]
[10.1, 5.6]
[6.1, 19.799999999999997]
[1.0999999999999996, 15.6]
[10.1, 4.6]
[4.1, 1.5999999999999996]
[5.1, 3.5999999999999996]
[14.1, 7.6]
[12.1, 13.6]
[12.1, 2.5999999999999996]
[5.1, 1.5999999999999996]
[9.1, 1.5999999999999996]
[8.1, 3.5999999999999996]
[8.1, 4.6]
[14.1, 10.6]
[12.1, 6.6]
[1.0999999999999996, 9.6]
[8.1, 19.799999999999997]
[8.1, 19.799999999999997]
[14.1, 9.6]
[4.1, 1.5999999999999996]
[4.1, 19.799999999999997]
[6.1, 19.799999999999997]
[10.1, 7.6]
[12.1, 8.6]
[14.1, 3.5999999999999996]
[1.0999999999999996, 7.6]
[1.0999999999999996, 10.6]
[12.1, 7.6]
[10.1, 5.6]
[9.1, 19.799999999999997]
[12.1, 5.6]
[12.1, 7.6]
[3.0999999999999996, 20.6]
[1.0999999999999996, 20.6]
[4.1, 4.6]
[1.0999999999999996, 21.6]
[1.0999999999999996, 14.6]
[7.1, 21.6]
[9.1, 21.6]
[12.1, 21.6]
[14.1, 2.5999999999999996]
[6.1, 21.6]
[1.0999999999999996, 9.6]
[11.1, 19.799999999999997]
[1.0999999999999996, 19.6]
[4.1, 1.5999999999999996]
[6.1, 21.6]
[6.1, 4.6]
[1.0999999999999996, 13.6]
[14.1, 9.6]
[1.0999999999999996, 3.5999999999999996]
[3.0999999999999996, 3.5999999999999996]
[10.1, 7.6]
[14.1, 7.6]
[12.1, 1.5999999999999996]
[5.1, 3.5999999999999996]
[10.1, 2.5999999999999996]
[6.1, 20.6]
[1.0999999999999996, 4.6]
[3.0999999999999996, 2.5999999999999996]
[9.1, 20.6]
[12.1, 2.5999999999999996]
[1.0999999999999996, 5.6]
[1.0999999999999996, 11.6]
[2.0999999999999996, 19.799999999999997]
[1.0999999999999996, 4.6]
[11.1, 20.6]
[1.0999999999999996, 16.6]
[9.1, 1.5999999999999996]
[14.1, 5.6]
[4.1, 1.5999999999999996]
[12.1, 2.5999999999999996]
[1.0999999999999996, 9.6]
[9.1, 19.799999999999997]
[10.1, 20.6]
[14.1, 7.6]
[1.0999999999999996, 2.5999999999999996]
[2.0999999999999996, 7.6]
[7.1, 4.6]
[5.1, 1.5999999999999996]
[10.1, 2.5999999999999996]
[9.1, 19.799999999999997]
[1.0999999999999996, 10.6]
[8.1, 7.6]
[3.0999999999999996, 20.6]
[14.1, 12.6]
[1.0999999999999996, 9.6]
[1.0999999999999996, 4.6]
[12.1, 1.5999999999999996]
[9.1, 19.799999999999997]
[1.0999999999999996, 10.6]
[1.0999999999999996, 14.6]
[3.0999999999999996, 2.5999999999999996]
[14.1, 9.6]
[14.1, 9.6]
[1.0999999999999996, 12.6]
[1.0999999999999996, 19.6]
[14.1, 16.6]
[1.0999999999999996, 11.6]
[4.1, 2.5999999999999996]
[8.1, 7.6]
[14.1, 10.6]
[1.0999999999999996, 4.6]
[1.0999999999999996, 2.5999999999999996]
[12.1, 4.6]
[8.1, 20.6]
[5.1, 19.799999999999997]
[4.1, 21.6]
[7.1, 4.6]
[7.1, 3.5999999999999996]
[3.0999999999999996, 3.5999999999999996]
[1.0999999999999996, 11.6]
[1.0999999999999996, 20.6]
[12.1, 1.5999999999999996]
[10.1, 19.799999999999997]
[10.1, 3.5999999999999996]
[2.0999999999999996, 20.6]
[7.1, 19.799999999999997]
[4.1, 7.6]
[3.0999999999999996, 2.5999999999999996]
[10.1, 2.5999999999999996]
[1.0999999999999996, 5.6]
[10.1, 2.5999999999999996]
[8.1, 4.6]
[1.0999999999999996, 9.6]
[1.0999999999999996, 10.6]
[10.1, 5.6]
[12.1, 4.6]
[10.1, 5.6]
[1.0999999999999996, 18.6]
[4.1, 21.6]
[12.1, 6.6]
[1.0999999999999996, 17.6]
[4.1, 4.6]
[6.1, 4.6]
[10.1, 7.6]
[3.0999999999999996, 5.6]
[1.0999999999999996, 2.5999999999999996]
[14.1, 3.5999999999999996]
[12.1, 21.6]
[5.1, 4.6]
[12.1, 1.5999999999999996]
[10.1, 4.6]
[8.1, 21.6]
[3.0999999999999996, 3.5999999999999996]
[3.0999999999999996, 5.6]
[1.0999999999999996, 17.6]
[12.1, 14.6]
[4.1, 7.6]
[8.1, 21.6]
[5.1, 1.5999999999999996]
[14.1, 2.5999999999999996]
[1.0999999999999996, 11.6]
[4.1, 7.6]
[1.0999999999999996, 9.6]
[10.1, 7.6]
[14.1, 7.6]
[5.1, 1.5999999999999996]
[7.1, 20.6]
[12.1, 9.6]
[4.1, 4.6]
[1.0999999999999996, 9.6]
[9.1, 4.6]
[8.1, 19.799999999999997]
[6.1, 4.6]
[12.1, 13.6]
[10.1, 19.799999999999997]
[14.1, 2.5999999999999996]
[1.0999999999999996, 9.6]
[7.1, 3.5999999999999996]
[4.1, 1.5999999999999996]
[4.1, 5.6]
[10.1, 4.6]
[3.0999999999999996, 4.6]
[14.1, 8.6]
[9.1, 1.5999999999999996]
[1.0999999999999996, 11.6]
[12.1, 5.6]
[14.1, 16.6]
[9.1, 4.6]
[3.0999999999999996, 3.5999999999999996]
[1.0999999999999996, 16.6]
[3.0999999999999996, 20.6]
[12.1, 1.5999999999999996]
[9.1, 21.6]
[14.1, 13.6]
[14.1, 9.6]
[12.1, 1.5999999999999996]
[14.1, 7.6]
[14.1, 4.6]
[4.1, 4.6]
[12.1, 10.6]
[1.0999999999999996, 11.6]
[1.0999999999999996, 14.6]
[4.1, 1.5999999999999996]
[1.0999999999999996, 11.6]
[3.0999999999999996, 4.6]
[8.1, 19.799999999999997]
[12.1, 13.6]
[8.1, 4.6]
[4.1, 7.6]
[7.1, 4.6]
[14.1, 4.6]
[8.1, 3.5999999999999996]
[1.0999999999999996, 12.6]
[9.1, 20.6]
[1.0999999999999996, 1.5999999999999996]
[6.1, 5.6]
[1.0999999999999996, 15.6]
[10.1, 21.6]
[8.1, 19.799999999999997]
[10.1, 5.6]
[4.1, 20.6]
[6.1, 19.799999999999997]
[1.0999999999999996, 15.6]
[10.1, 4.6]
[14.1, 7.6]
[3.0999999999999996, 21.6]
[3.0999999999999996, 3.5999999999999996]
[1.0999999999999996, 2.5999999999999996]
[3.0999999999999996, 5.6]
[1.0999999999999996, 3.5999999999999996]
[9.1, 21.6]
[5.1, 4.6]
[3.0999999999999996, 21.6]
[6.1, 7.6]
[10.1, 7.6]
[1.0999999999999996, 15.6]
[1.0999999999999996, 3.5999999999999996]
[9.1, 1.5999999999999996]
[14.1, 9.6]
[14.1, 9.6]
[8.1, 19.799999999999997]
[6.1, 21.6]
[12.1, 4.6]
[4.1, 2.5999999999999996]
[3.0999999999999996, 2.5999999999999996]
[7.1, 3.5999999999999996]
[10.1, 2.5999999999999996]
[4.1, 19.799999999999997]
[1.0999999999999996, 9.6]
[14.1, 15.6]
[3.0999999999999996, 4.6]
[8.1, 3.5999999999999996]
[1.0999999999999996, 21.6]
[12.1, 19.6]
[14.1, 9.6]
[10.1, 21.6]
[4.1, 2.5999999999999996]
[1.0999999999999996, 15.6]
[12.1, 5.6]
[12.1, 6.6]
[5.1, 19.799999999999997]
[9.1, 2.5999999999999996]
[14.1, 6.6]
[1.0999999999999996, 10.6]
[3.0999999999999996, 2.5999999999999996]
[12.1, 5.6]
[7.1, 19.799999999999997]
[1.0999999999999996, 9.6]
[6.1, 7.6]
[8.1, 3.5999999999999996]
[8.1, 19.799999999999997]
[1.0999999999999996, 4.6]
[1.0999999999999996, 7.6]
[1.0999999999999996, 7.6]
[8.1, 4.6]
[14.1, 3.5999999999999996]
[3.0999999999999996, 21.6]
[5.1, 19.799999999999997]
[9.1, 2.5999999999999996]
[3.0999999999999996, 21.6]
[10.1, 19.799999999999997]
[12.1, 4.6]
[9.1, 19.799999999999997]
[1.0999999999999996, 7.6]
[8.1, 4.6]
[4.1, 7.6]
[6.1, 19.799999999999997]
[1.0999999999999996, 15.6]
[4.1, 4.6]
[4.1, 2.5999999999999996]
[4.1, 1.5999999999999996]
[4.1, 21.6]
[14.1, 5.6]
[1.0999999999999996, 9.6]
[1.0999999999999996, 4.6]
[1.0999999999999996, 2.5999999999999996]
[6.1, 19.799999999999997]
[1.0999999999999996, 5.6]
[12.1, 1.5999999999999996]
[12.1, 7.6]
[10.1, 4.6]
[4.1, 19.799999999999997]
[9.1, 1.5999999999999996]
[10.1, 2.5999999999999996]
[12.1, 4.6]
[10.1, 19.799999999999997]
[3.0999999999999996, 3.5999999999999996]
[1.0999999999999996, 8.6]
[8.1, 7.6]
[8.1, 4.6]
[12.1, 2.5999999999999996]
[9.1, 1.5999999999999996]
[9.1, 20.6]
[1.0999999999999996, 8.6]
[1.0999999999999996, 13.6]
[6.1, 4.6]
[14.1, 16.6]
[4.1, 1.5999999999999996]
[9.1, 19.799999999999997]
[12.1, 11.6]
[6.1, 1.5999999999999996]
[4.1, 5.6]
[14.1, 17.6]
[1.0999999999999996, 1.5999999999999996]
[12.1, 1.5999999999999996]
[10.1, 2.5999999999999996]
[10.1, 21.6]
[10.1, 5.6]
[12.1, 7.6]
[6.1, 5.6]
[1.0999999999999996, 3.5999999999999996]
[2.0999999999999996, 19.799999999999997]
[4.1, 4.6]
[12.1, 4.6]
[12.1, 11.6]
[1.0999999999999996, 11.6]
[7.1, 19.799999999999997]
[14.1, 7.6]
[14.1, 19.6]
[14.1, 1.5999999999999996]
[4.1, 19.799999999999997]
[12.1, 9.6]
[9.1, 7.6]
[12.1, 11.6]
[12.1, 5.6]
[10.1, 5.6]
[8.1, 19.799999999999997]
[4.1, 4.6]
[2.0999999999999996, 7.6]
[14.1, 7.6]
[6.1, 21.6]
[4.1, 19.799999999999997]
[3.0999999999999996, 20.6]
[12.1, 4.6]
[12.1, 7.6]
[10.1, 20.6]
[11.1, 20.6]
[3.0999999999999996, 7.6]
[1.0999999999999996, 9.6]
[6.1, 7.6]
[14.1, 2.5999999999999996]
[9.1, 2.5999999999999996]
[3.0999999999999996, 2.5999999999999996]
[1.0999999999999996, 9.6]
[1.0999999999999996, 1.5999999999999996]
[7.1, 3.5999999999999996]
[4.1, 4.6]
[3.0999999999999996, 20.6]
[1.0999999999999996, 10.6]
[9.1, 7.6]
[1.0999999999999996, 2.5999999999999996]
[1.0999999999999996, 21.6]
[6.1, 4.6]
[14.1, 19.6]
[11.1, 20.6]
[12.1, 7.6]
[12.1, 4.6]
[3.0999999999999996, 20.6]
[14.1, 14.6]
[12.1, 5.6]
[12.1, 1.5999999999999996]
[1.0999999999999996, 8.6]
[5.1, 3.5999999999999996]
[1.0999999999999996, 20.6]
[4.1, 2.5999999999999996]
[10.1, 4.6]
[1.0999999999999996, 14.6]
[3.0999999999999996, 7.6]
[7.1, 1.5999999999999996]
[12.1, 4.6]
[3.0999999999999996, 21.6]
[10.1, 20.6]
[12.1, 4.6]
[5.1, 1.5999999999999996]
[14.1, 5.6]
[10.1, 21.6]
[12.1, 7.6]
[14.1, 16.6]
[4.1, 20.6]
[7.1, 21.6]
[12.1, 4.6]
[9.1, 19.799999999999997]
[10.1, 20.6]
[4.1, 7.6]
[1.0999999999999996, 20.6]
[12.1, 4.6]
[6.1, 19.799999999999997]
[12.1, 14.6]
[1.0999999999999996, 17.6]
[1.0999999999999996, 1.5999999999999996]
[1.0999999999999996, 21.6]
[8.1, 21.6]
[7.1, 19.799999999999997]
[3.0999999999999996, 4.6]
[8.1, 19.799999999999997]
[5.1, 4.6]
[14.1, 7.6]
[9.1, 1.5999999999999996]
[1.0999999999999996, 5.6]
[4.1, 4.6]
[7.1, 4.6]
[14.1, 13.6]
[8.1, 4.6]
[7.1, 20.6]
[1.0999999999999996, 4.6]
[2.0999999999999996, 7.6]
[5.1, 3.5999999999999996]
[3.0999999999999996, 5.6]
[6.1, 7.6]
[8.1, 19.799999999999997]
[5.1, 1.5999999999999996]
[14.1, 20.6]
[4.1, 19.799999999999997]
[3.0999999999999996, 21.6]
[1.0999999999999996, 11.6]
[12.1, 7.6]
[10.1, 1.5999999999999996]
[1.0999999999999996, 11.6]
[1.0999999999999996, 20.6]
[14.1, 20.6]
[3.0999999999999996, 21.6]
[14.1, 16.6]
[4.1, 4.6]
[1.0999999999999996, 10.6]
[4.1, 7.6]
[12.1, 11.6]
[10.1, 7.6]
[11.1, 20.6]
[12.1, 14.6]
[4.1, 1.5999999999999996]
[5.1, 1.5999999999999996]
[7.1, 19.799999999999997]
[8.1, 21.6]
[6.1, 4.6]
[3.0999999999999996, 4.6]
[3.0999999999999996, 5.6]
[4.1, 19.799999999999997]
[14.1, 1.5999999999999996]
[4.1, 2.5999999999999996]
[1.0999999999999996, 10.6]
[1.0999999999999996, 15.6]
[8.1, 4.6]
[5.1, 1.5999999999999996]
[3.0999999999999996, 3.5999999999999996]
[14.1, 8.6]
[7.1, 1.5999999999999996]
[12.1, 2.5999999999999996]
[12.1, 14.6]
[1.0999999999999996, 4.6]
[11.1, 20.6]
[10.1, 2.5999999999999996]
[4.1, 21.6]
[4.1, 1.5999999999999996]
[10.1, 2.5999999999999996]
[10.1, 20.6]
[14.1, 3.5999999999999996]
[7.1, 19.799999999999997]
[3.0999999999999996, 5.6]
[1.0999999999999996, 10.6]
[3.0999999999999996, 5.6]
[5.1, 1.5999999999999996]
[1.0999999999999996, 10.6]
[14.1, 9.6]
[8.1, 19.799999999999997]
[8.1, 5.6]
[1.0999999999999996, 9.6]
[10.1, 3.5999999999999996]
[12.1, 4.6]
[1.0999999999999996, 9.6]
[4.1, 2.5999999999999996]
[5.1, 1.5999999999999996]
[10.1, 4.6]
[3.0999999999999996, 20.6]
[1.0999999999999996, 9.6]
[10.1, 19.799999999999997]
[1.0999999999999996, 10.6]
[14.1, 15.6]
[3.0999999999999996, 5.6]
[7.1, 5.6]
[7.1, 5.6]
[9.1, 2.5999999999999996]
[14.1, 19.6]
[7.1, 5.6]
[14.1, 14.6]
[12.1, 14.6]
[10.1, 19.799999999999997]
[4.1, 4.6]
[14.1, 13.6]
[9.1, 19.799999999999997]
[2.0999999999999996, 20.6]
[1.0999999999999996, 8.6]
[10.1, 4.6]
[14.1, 20.6]
[7.1, 4.6]
[1.0999999999999996, 14.6]
[1.0999999999999996, 16.6]
[9.1, 1.5999999999999996]
[9.1, 1.5999999999999996]
[5.1, 4.6]
[10.1, 20.6]
[10.1, 7.6]
[8.1, 19.799999999999997]
[4.1, 1.5999999999999996]
[12.1, 18.6]
[4.1, 1.5999999999999996]
[7.1, 21.6]
[4.1, 4.6]
[1.0999999999999996, 17.6]
[1.0999999999999996, 20.6]
[4.1, 4.6]
[3.0999999999999996, 19.799999999999997]
[5.1, 4.6]
[12.1, 11.6]
[9.1, 19.799999999999997]
[8.1, 7.6]
[10.1, 20.6]
[10.1, 4.6]
[4.1, 1.5999999999999996]
[7.1, 19.799999999999997]
[6.1, 5.6]
[11.1, 20.6]
[14.1, 3.5999999999999996]
[3.0999999999999996, 21.6]
[1.0999999999999996, 10.6]
[1.0999999999999996, 2.5999999999999996]
[14.1, 8.6]
[14.1, 5.6]
[8.1, 21.6]
[7.1, 19.799999999999997]
[12.1, 2.5999999999999996]
[14.1, 7.6]
[4.1, 19.799999999999997]
[10.1, 19.799999999999997]
[14.1, 3.5999999999999996]
[8.1, 19.799999999999997]
[5.1, 1.5999999999999996]
[5.1, 3.5999999999999996]
[5.1, 1.5999999999999996]
[1.0999999999999996, 13.6]
[1.0999999999999996, 2.5999999999999996]
[9.1, 20.6]
[7.1, 19.799999999999997]
[5.1, 1.5999999999999996]
[7.1, 21.6]
[1.0999999999999996, 4.6]
[14.1, 10.6]
[3.0999999999999996, 20.6]
[4.1, 5.6]
[10.1, 21.6]
[6.1, 5.6]
[14.1, 13.6]
[1.0999999999999996, 13.6]
[3.0999999999999996, 2.5999999999999996]
[12.1, 10.6]
[12.1, 7.6]
[12.1, 7.6]
[3.0999999999999996, 21.6]
[1.0999999999999996, 20.6]
[1.0999999999999996, 9.6]
[2.0999999999999996, 20.6]
[12.1, 12.6]
