-101.507790 -97.067116 -94.194916 -92.185020 -92.049789 -93.573074 -102.975464 -150.000000 -150.000000 -150.000000 -223.022278 -217.125488 -187.509491 -187.059021 -187.597626 -188.691849 -189.894501 -190.417389 -189.117294 -191.461578 -191.736267 -191.378113 -192.161392 -193.110229 -218.505264 -220.923859 -224.137405 -228.768448 -232.563232 -232.352722 -234.848694 -237.211472 -235.508667 -234.210693 -238.204117 -236.836014 -228.972382 -233.944946 -239.859375 -249.695435
-96.238182 -91.487312 -88.444794 -86.563126 -86.429337 -87.825668 -97.260590 -150.000000 -150.000000 -150.000000 -222.915588 -203.622803 -184.596893 -186.243973 -184.515106 -185.859970 -187.526093 -187.711044 -189.020782 -187.485809 -188.139008 -189.386017 -190.830917 -196.363907 -212.535873 -220.421616 -222.461151 -232.348038 -235.627991 -235.787201 -237.797241 -236.300980 -238.221497 -236.628403 -236.743393 -227.679382 -234.962448 -239.786346 -238.268707 -246.282349
-93.255386 -88.177727 -85.592056 -85.145500 -84.974670 -84.913795 -93.911682 -150.000000 -150.000000 -150.000000 -242.880402 -194.703705 -184.575775 -185.206207 -186.612534 -186.093292 -187.972015 -189.142471 -188.352112 -190.376984 -188.517944 -190.508804 -189.428085 -201.747528 -211.416794 -223.058456 -224.961029 -234.062180 -235.882401 -239.335846 -240.229782 -242.057617 -240.920013 -242.354065 -235.219498 -235.663544 -237.808853 -243.563217 -240.291458 -244.353043
-91.536545 -86.394112 -85.179146 -90.408157 -90.022903 -84.365448 -92.187103 -150.000000 -150.000000 -150.000000 -237.264175 -192.285217 -184.751724 -183.865891 -186.020493 -185.488617 -186.449310 -187.058334 -188.681000 -188.132614 -189.203476 -188.514725 -189.785797 -206.419815 -211.450729 -223.049194 -226.322815 -236.291428 -241.035477 -240.968185 -243.063507 -244.534622 -247.202179 -242.307098 -239.586655 -231.096039 -238.080582 -243.043335 -245.684296 -252.154373
-91.392075 -86.493835 -85.166718 -90.435684 -90.072647 -84.383453 -92.201431 -150.000000 -150.000000 -150.000000 -238.717682 -190.443649 -184.545746 -185.203552 -183.807312 -186.790771 -186.210953 -187.086731 -187.806107 -188.637405 -188.394333 -187.222076 -194.842377 -207.299866 -207.140793 -223.073898 -227.435699 -236.436432 -240.877762 -246.201401 -246.999725 -246.276016 -244.123154 -243.092316 -231.592255 -243.176895 -245.494354 -241.485657 -243.805023 -247.962814
-90.732803 -87.518570 -85.538063 -85.044823 -84.990219 -84.974510 -93.958366 -150.000000 -150.000000 -150.000000 -251.070724 -188.691422 -183.303070 -184.434357 -185.895523 -185.114532 -188.066849 -187.261932 -186.152100 -187.903534 -188.322632 -189.000458 -195.109268 -206.441467 -208.595154 -215.834518 -234.068420 -237.226730 -240.392426 -246.607422 -248.322723 -253.372314 -250.644470 -242.743622 -228.956772 -242.737045 -241.229065 -238.364380 -245.002136 -250.696899
-92.883240 -89.483383 -88.324768 -86.580429 -86.469406 -87.985039 -97.482025 -150.000000 -150.000000 -150.000000 -248.886169 -186.996765 -184.312057 -184.155365 -184.745087 -186.120575 -185.154266 -187.545563 -188.436523 -187.595551 -188.499786 -188.742462 -199.420502 -207.669647 -208.697067 -213.464600 -234.441132 -234.806213 -239.015488 -249.887299 -250.201874 -253.873413 -245.815643 -240.661896 -231.877808 -243.730560 -240.112823 -239.247147 -250.051895 -250.982498
-99.028778 -94.550751 -92.975861 -91.072968 -90.944778 -92.562042 -101.843269 -150.000000 -150.000000 -150.000000 -243.098145 -185.896606 -183.595398 -184.315399 -183.748474 -185.829544 -187.164185 -186.414505 -187.572235 -186.968674 -188.047607 -191.134171 -206.709015 -209.264404 -208.520660 -210.701965 -235.220093 -235.651428 -239.298279 -246.384216 -250.650726 -253.897171 -254.062485 -242.513962 -238.302460 -248.511963 -241.889526 -240.385986 -247.045227 -256.895203
-103.430679 -100.237419 -97.803795 -95.860397 -95.815140 -97.202240 -106.323433 -150.000000 -150.000000 -150.000000 -235.162323 -184.199448 -183.810608 -184.129761 -185.229034 -185.451065 -186.217133 -185.698105 -187.674637 -187.551636 -187.629227 -190.211670 -212.700500 -211.287964 -210.307770 -210.838242 -235.167450 -234.378891 -238.681122 -241.377594 -252.229233 -251.915100 -247.569214 -231.632248 -248.942932 -246.914856 -249.175598 -246.298065 -240.522171 -254.452789
-107.403687 -104.147118 -102.211258 -100.404099 -100.346077 -101.492798 -110.455139 -150.000000 -150.000000 -150.000000 -222.440826 -182.876572 -183.055862 -182.842499 -183.100891 -184.105591 -185.516373 -186.869385 -186.533844 -187.925446 -186.531311 -199.297104 -235.712006 -150.000000 -150.000000 -214.771240 -227.845779 -235.223938 -238.156677 -242.035248 -251.806305 -254.290436 -255.559113 -230.573730 -255.954681 -249.313629 -250.117966 -244.760757 -250.901276 -262.559021
-111.127350 -107.954987 -106.246910 -104.607628 -104.424736 -105.425217 -114.065796 -150.000000 -150.000000 -150.000000 -197.618393 -182.379440 -183.860870 -183.392670 -183.639679 -186.735504 -186.099670 -185.731750 -185.161438 -187.126465 -187.110443 -202.162567 -227.967819 -150.000000 -150.000000 -230.673508 -215.633118 -237.455383 -239.611481 -237.475403 -249.293549 -251.957535 -242.796951 -244.473572 -252.863190 -250.159592 -250.194458 -252.542511 -250.439850 -261.816254
-114.502655 -111.572601 -109.883812 -108.361015 -108.188622 -108.995728 -117.541580 -150.000000 -150.000000 -150.000000 -193.626801 -183.173355 -182.537720 -182.898422 -183.126755 -184.276093 -184.995880 -186.362793 -186.960922 -186.162720 -188.689880 -205.201813 -235.837708 -150.000000 -150.000000 -255.798050 -211.574890 -237.289703 -237.370392 -237.428345 -244.524521 -249.288956 -235.758026 -244.500824 -254.124069 -252.925293 -250.745148 -253.500427 -245.769592 -257.056702
-117.541229 -114.786995 -113.241638 -111.702110 -111.525665 -112.291443 -119.045265 -155.881958 -173.005539 -177.213669 -178.832687 -180.922028 -181.583405 -182.173676 -183.652817 -184.582687 -184.600433 -184.155640 -186.593658 -185.680679 -191.270020 -204.607834 -227.912735 -150.000000 -150.000000 -256.345001 -210.921173 -236.538116 -239.610535 -239.559647 -250.190369 -250.154419 -233.428345 -243.050873 -251.891083 -250.061127 -249.679947 -251.945724 -252.257370 -254.526245
-120.490204 -117.816422 -116.332596 -114.847656 -114.650269 -115.494911 -119.844284 -140.510834 -154.175278 -168.009201 -175.227417 -180.169128 -180.088348 -181.029663 -182.379013 -183.542542 -183.800659 -185.855423 -185.054871 -185.968506 -196.319901 -205.996231 -220.242401 -150.000000 -150.000000 -254.656128 -225.270233 -224.184189 -239.516541 -240.563797 -240.621399 -256.340393 -228.803772 -251.234558 -247.512787 -249.982941 -252.415848 -253.028397 -251.357178 -248.719391
-123.203857 -120.710052 -119.251022 -117.770035 -117.561729 -118.739304 -121.468781 -135.604233 -144.572632 -153.310608 -166.289200 -172.616287 -177.890198 -180.231903 -181.042877 -182.543488 -183.639679 -183.610474 -184.391464 -185.662399 -200.160339 -206.594162 -221.116913 -150.000000 -150.000000 -253.048645 -219.573273 -216.991150 -240.593048 -238.649521 -242.864014 -243.967041 -234.172516 -257.980743 -255.461212 -248.562332 -252.633743 -253.994385 -252.057022 -257.722687
-125.884254 -123.378525 -122.054153 -120.428612 -120.224945 -121.921326 -124.190819 -131.263153 -143.016937 -147.642838 -152.944122 -165.908630 -169.938934 -176.501190 -179.625565 -180.760406 -182.276276 -183.782745 -184.902527 -187.192505 -201.073593 -203.649506 -235.334534 -150.000000 -150.000000 -254.482651 -252.833344 -215.858841 -237.058868 -237.839127 -239.892960 -240.991501 -234.037384 -263.062775 -259.833496 -256.416931 -250.773178 -252.974304 -251.354294 -254.232513
-128.308624 -125.981529 -124.572845 -122.958694 -122.672546 -124.756699 -126.739868 -130.392273 -146.191849 -148.288651 -150.228851 -153.293213 -164.997101 -169.212128 -173.898651 -179.311554 -180.724915 -180.954224 -182.863342 -188.481613 -200.432816 -203.567413 -226.577072 -150.000000 -150.000000 -254.532394 -255.981216 -214.704453 -220.925156 -240.177063 -240.369202 -229.676422 -255.565704 -255.697968 -256.914825 -257.950684 -258.591888 -258.783997 -252.364197 -256.483643
-130.707916 -128.335190 -127.008423 -125.196930 -125.099678 -127.286644 -129.137527 -130.296967 -146.701538 -149.869202 -150.925110 -152.348312 -153.969284 -164.361130 -170.126282 -171.687592 -176.495331 -180.991089 -181.564606 -188.331451 -193.155914 -197.529266 -225.892792 -150.000000 -150.000000 -256.189972 -252.034912 -231.754166 -217.082428 -242.269974 -238.199554 -230.765259 -247.597687 -252.853882 -259.059509 -255.929184 -258.245453 -258.661346 -257.040894 -254.000839
-132.853943 -130.560471 -129.027618 -127.313309 -127.276390 -129.414612 -131.224533 -132.056305 -140.733704 -149.415894 -149.156998 -153.870483 -154.462265 -155.078415 -162.959122 -171.145309 -171.790085 -173.686401 -178.867523 -192.146545 -192.171921 -193.206650 -215.638489 -150.000000 -150.000000 -256.769592 -254.238876 -230.758270 -215.923035 -237.233002 -238.186371 -230.383240 -246.626312 -253.789093 -252.704483 -259.406311 -257.223267 -259.253265 -256.727570 -261.465454
-134.839676 -132.468353 -131.060867 -129.185837 -129.432068 -131.371246 -133.223297 -134.071594 -137.841782 -152.438705 -153.350418 -153.383194 -156.027969 -156.287247 -156.672119 -162.225830 -172.416763 -172.523743 -174.130188 -181.346268 -150.000000 -150.000000 -150.000000 -150.000000 -150.000000 -256.281097 -256.119415 -254.886505 -216.004562 -245.707001 -234.981079 -231.466599 -245.902420 -250.795807 -253.323807 -259.641785 -258.949219 -256.853302 -254.337631 -259.158661
-136.618118 -134.328003 -132.880646 -130.949554 -131.130997 -133.117706 -134.969116 -136.207916 -137.216309 -155.287186 -155.517746 -152.367279 -155.849731 -157.867523 -157.841492 -157.992416 -161.455307 -172.283798 -174.821960 -180.277588 -150.000000 -150.000000 -150.000000 -150.000000 -150.000000 -253.648819 -253.326141 -257.129028 -217.273544 -230.112762 -228.974777 -243.290314 -240.546738 -249.569061 -251.794769 -256.187134 -259.044952 -258.793274 -255.159836 -260.595978
-138.195862 -136.094635 -134.332184 -132.561478 -132.797409 -134.703339 -136.664917 -137.775604 -137.915955 -148.858856 -159.268677 -156.766953 -154.285965 -159.255630 -159.579681 -159.485123 -159.269043 -161.382996 -172.757477 -180.838287 -150.000000 -150.000000 -150.000000 -150.000000 -150.000000 -256.565277 -252.759109 -258.103210 -226.211548 -229.692993 -230.605560 -238.586502 -243.875717 -245.596329 -254.395355 -252.370468 -258.703888 -256.906464 -253.602753 -258.192322
-139.631531 -137.477127 -135.918472 -134.028763 -134.260803 -136.236282 -138.207031 -139.286285 -139.428009 -144.557816 -161.129883 -160.284592 -160.092102 -160.962036 -161.037216 -160.937973 -160.880798 -160.805786 -162.287811 -172.594421 -150.000000 -150.000000 -150.000000 -150.000000 -150.000000 -253.574432 -253.541992 -256.590302 -219.101807 -214.899887 -234.107956 -239.698914 -240.014313 -245.634689 -252.983459 -254.251419 -256.698883 -256.922546 -254.579849 -259.197083
-140.930069 -138.636871 -137.139038 -135.427231 -135.437332 -137.559341 -139.620148 -140.748352 -140.770996 -142.493240 -160.070587 -161.367645 -161.769547 -154.061920 -161.987595 -161.785065 -162.119370 -162.469925 -162.734070 -165.248734 -150.000000 -150.000000 -150.000000 -150.000000 -150.000000 -254.490128 -257.113708 -254.922516 -258.896759 -221.823547 -232.647888 -240.557098 -239.343842 -241.445908 -247.714401 -256.790100 -253.613617 -255.580460 -253.763672 -258.001587
-142.122513 -140.095596 -138.287399 -136.606659 -136.795670 -138.741547 -140.850037 -142.098938 -142.309692 -141.944412 -157.244720 -162.282883 -164.644165 -163.441040 -160.426300 -162.865219 -163.399734 -168.963852 -180.963226 -186.733582 -150.000000 -150.000000 -150.000000 -150.000000 -150.000000 -279.981049 -283.711273 -275.863953 -283.829987 -219.055542 -270.258240 -260.863708 -261.534637 -261.207306 -266.687286 -274.226349 -271.099915 -267.252533 -252.723816 -258.165253
-143.416382 -140.836823 -139.377655 -137.781403 -137.767120 -139.951294 -142.025681 -143.151962 -143.391891 -143.203232 -150.484680 -163.129257 -165.013199 -164.999634 -161.177734 -155.617233 -163.952301 -171.256897 -150.000000 -150.000000 -150.000000 -150.000000 -150.000000 -150.000000 -150.000000 -150.000000 -150.000000 -150.000000 -150.000000 -150.000000 -150.000000 -150.000000 -150.000000 -150.000000 -150.000000 -150.000000 -150.000000 -268.802734 -252.195419 -257.809509
-144.261658 -141.872406 -140.646484 -138.556030 -138.777786 -140.758942 -143.076736 -144.127899 -144.623276 -144.555450 -147.747818 -162.424606 -165.969696 -166.647583 -166.018616 -165.298325 -165.180191 -170.297852 -200.693115 -217.447083 -150.000000 -150.000000 -150.000000 -150.000000 -150.000000 -150.000000 -150.000000 -150.000000 -150.000000 -150.000000 -150.000000 -150.000000 -150.000000 -150.000000 -150.000000 -150.000000 -150.000000 -264.632904 -251.925385 -260.555450
-145.036896 -142.740570 -141.421494 -139.497208 -139.683914 -142.055283 -143.963715 -145.350372 -145.177505 -145.614227 -146.102051 -164.011505 -167.211578 -167.986816 -166.720520 -158.908371 -165.753021 -167.306152 -177.078278 -208.808060 -150.000000 -150.000000 -150.000000 -150.000000 -150.000000 -150.000000 -150.000000 -150.000000 -150.000000 -150.000000 -150.000000 -150.000000 -150.000000 -150.000000 -150.000000 -150.000000 -287.643280 -257.926910 -251.088638 -258.099213
-145.979370 -143.554977 -142.060013 -140.295273 -140.567413 -142.776917 -144.981903 -146.329117 -146.378448 -146.446198 -146.321259 -156.215393 -166.515366 -166.740280 -167.832870 -167.976013 -162.355682 -167.630630 -170.230957 -179.543137 -150.000000 -150.000000 -150.000000 -150.000000 -150.000000 -150.000000 -150.000000 -150.000000 -150.000000 -150.000000 -150.000000 -150.000000 -150.000000 -150.000000 -150.000000 -279.518616 -265.359558 -257.870148 -251.851883 -257.511871
-146.498825 -144.387833 -142.994370 -141.161133 -141.292664 -143.499069 -145.704620 -147.013153 -147.245270 -147.329269 -147.601135 -152.078827 -168.523712 -169.147934 -168.065918 -169.121368 -168.814819 -170.790222 -162.542114 -172.863586 -150.000000 -150.000000 -150.000000 -150.000000 -150.000000 -150.000000 -150.000000 -150.000000 -150.000000 -150.000000 -150.000000 -150.000000 -150.000000 -150.000000 -150.000000 -150.000000 -150.000000 -274.375214 -252.309631 -256.096863
-147.329269 -144.918930 -143.441910 -141.766647 -142.090485 -144.201599 -146.477798 -147.849060 -148.087341 -148.497452 -147.982986 -149.676605 -166.604309 -168.408371 -169.608032 -169.684006 -169.871552 -172.152008 -171.955276 -163.774414 -150.000000 -150.000000 -150.000000 -150.000000 -150.000000 -150.000000 -150.000000 -150.000000 -150.000000 -150.000000 -150.000000 -150.000000 -150.000000 -150.000000 -150.000000 -150.000000 -290.008301 -261.888550 -250.692429 -256.787720
-147.749390 -145.913925 -144.300415 -142.561707 -142.605194 -144.634949 -147.168503 -148.448776 -148.891129 -149.272949 -149.413162 -148.567673 -164.771805 -170.338409 -169.260712 -170.755890 -170.793076 -173.962646 -174.062729 -176.486023 -150.000000 -150.000000 -150.000000 -150.000000 -150.000000 -150.000000 -150.000000 -150.000000 -150.000000 -150.000000 -150.000000 -150.000000 -150.000000 -150.000000 -150.000000 -150.000000 -277.545654 -255.821747 -250.607285 -258.406891
-148.584839 -146.257050 -144.939606 -142.967178 -143.237671 -145.578186 -147.920166 -149.266830 -149.394852 -149.977524 -150.044586 -150.041641 -156.756989 -172.119522 -171.749481 -170.196594 -173.176361 -175.788498 -164.782440 -178.189362 -150.000000 -150.000000 -150.000000 -150.000000 -150.000000 -150.000000 -150.000000 -150.000000 -150.000000 -150.000000 -150.000000 -150.000000 -301.103241 -272.933411 -269.573669 -264.957092 -258.775452 -252.941452 -252.738953 -258.502258
-148.961029 -146.827606 -145.334885 -143.649475 -143.942078 -145.841553 -148.627609 -149.679703 -150.357376 -150.242355 -150.676666 -150.415588 -153.665680 -171.806564 -171.033813 -171.278931 -174.386917 -177.328323 -176.081146 -179.182312 -150.000000 -150.000000 -150.000000 -150.000000 -150.000000 -150.000000 -150.000000 -150.000000 -150.000000 -150.000000 -150.000000 -150.000000 -279.616089 -261.225189 -262.567749 -258.812439 -255.800949 -253.836914 -251.006195 -257.998901
-149.777985 -147.433533 -145.863922 -144.238037 -144.489456 -146.648132 -148.606125 -150.394699 -150.760559 -150.978470 -151.524292 -151.198532 -151.804504 -167.901672 -169.383926 -172.434143 -179.530396 -178.883575 -177.142960 -179.620056 -150.000000 -150.000000 -150.000000 -150.000000 -150.000000 -276.644562 -278.879974 -280.273010 -276.720612 -281.114075 -150.000000 -150.000000 -279.659576 -264.031311 -262.085846 -258.273254 -254.236420 -251.541321 -250.341522 -259.041290
-150.139923 -147.735168 -146.414459 -144.651093 -144.678070 -147.097198 -149.713562 -150.849442 -151.270050 -151.529327 -151.613037 -152.325989 -152.243820 -161.071899 -168.879562 -172.541901 -179.283752 -180.030075 -179.677200 -182.741913 -150.000000 -150.000000 -150.000000 -150.000000 -299.567749 -258.021484 -259.220337 -258.594818 -258.029785 -270.460541 -150.000000 -150.000000 -276.277771 -262.757019 -261.052124 -255.763840 -253.292877 -250.798706 -250.042145 -256.115173
-150.696884 -148.325623 -146.628357 -145.198837 -145.369873 -147.460205 -150.011810 -151.356049 -151.992966 -152.038361 -152.866821 -152.921753 -152.846756 -157.319504 -169.456711 -178.546844 -179.913651 -179.832840 -181.382156 -182.402130 -150.000000 -150.000000 -150.000000 -150.000000 -273.291748 -254.701477 -256.319641 -254.690125 -255.650711 -266.923035 -150.000000 -150.000000 -277.962830 -264.019165 -256.082214 -251.689514 -250.884933 -251.390823 -249.044006 -257.893982
-151.069626 -148.613113 -146.901947 -145.633972 -145.767578 -147.974060 -150.396683 -151.774918 -152.451172 -152.591537 -153.311249 -153.664185 -153.423141 -154.166779 -171.612564 -183.829010 -182.745453 -182.691437 -180.001312 -181.832764 -150.000000 -150.000000 -150.000000 -150.000000 -265.992493 -253.211884 -252.797485 -252.091644 -252.529877 -255.773483 -258.554199 -256.854706 -257.460327 -252.212341 -249.231445 -248.933228 -249.705887 -248.587570 -247.480698 -254.677307
-151.299301 -149.056564 -147.461685 -146.005035 -146.312469 -148.200867 -150.697464 -152.138504 -152.790985 -153.305222 -153.700836 -154.103683 -154.168289 -153.884872 -166.158813 -178.355743 -180.206161 -183.801544 -182.800781 -183.607727 -150.000000 -150.000000 -150.000000 -150.000000 -262.528046 -249.717224 -249.496063 -250.030334 -250.825745 -249.626328 -249.677567 -248.953857 -248.089142 -248.284073 -248.161453 -247.346817 -246.173096 -246.113968 -244.663452 -253.544891
-159.559692 -157.535248 -155.844498 -153.611038 -154.181686 -157.090790 -158.772614 -160.755295 -160.775070 -161.554947 -162.234268 -161.771362 -162.163574 -162.284073 -171.673141 -193.997482 -192.322983 -191.793533 -191.576172 -195.836349 -150.000000 -150.000000 -150.000000 -150.000000 -272.136200 -256.453308 -256.644867 -255.886307 -256.782227 -255.931244 -255.422119 -255.904221 -253.842331 -255.564056 -253.131317 -255.728149 -253.974121 -252.723297 -251.931396 -259.643677
