0 0.7993939758834973 -2.895194385290378e-13
1 0.8290795336062425 0.1260125258885309
2 0.811256711340294 0.12449687645850464
3 0.7862680357974438 0.009795036459043047
4 0.8242293660141353 -0.06786363641205401
5 0.7987896822140691 0.003470391152903981
6 0.7736795042813558 0.06350668145755077
7 0.8121740740535761 0.02742528444548039
8 0.7868622970531454 -0.025631825887346804
9 0.8246823404756437 -0.023221668603245767
10 0.7990627178803584 0.02989833738479765
11 0.7740734871157783 0.03813499795475537
12 0.8124880811998269 -0.02975744694084972
13 0.7871835674808024 -0.043943418091850366
14 0.8249879093932443 0.007588719633742231
15 0.7993761798306458 0.023305733543156848
16 0.7743925413152963 -0.01260154444701477
17 0.8128083410562243 -0.041636500794157795
18 0.7875170751780485 -0.010462994642612881
19 0.8253199122372304 0.02010134205188584
20 0.7994066472144035 -0.0024999656840331013
21 0.7743988985536798 -0.02920708710248748
22 0.8128401222664123 -0.011791986464057512
23 0.7875271915580347 0.017919584891591515
24 0.8253469263871324 0.0041466751924986315
25 0.7994047060739218 -0.02324630602017657
26 0.7744128015579226 -0.009156441643521218
27 0.8128443943627004 0.019843081012403303
28 0.7875385120033106 0.011538655097221804
29 0.8253452212609221 -0.01680102890733722
30 0.7994133561806525 -0.008956336823564896
31 0.7744099406252839 0.01803383428292008
32 0.8128470187567967 0.01620345523370323
33 0.787535692800934 -0.012820754430653386
34 0.8253474916780199 -0.015974441997345105
35 0.7994139881802961 0.009660578153774548
36 0.7744117450861687 0.02250751884458273
37 0.8128521678242548 -0.006783279634608637
38 0.7875388871851795 -0.01752349378451128
39 0.8253524941753839 0.012928404731958274
40 0.7994117099780349 0.022089372299538113
41 0.7744177355372791 -0.002853906690459989
42 0.8128507046913362 -0.017322825456135497
43 0.787544483649759 -0.0007008610116903277
44 0.8253494303551975 0.021795538669291036
45 0.7994186112548914 0.0033374855611369605
46 0.77441592721399 -0.01700538952703405
47 0.812856483387645 0.00011471747336974937
48 0.7875399263430021 0.019747109433952994
49 0.8253557200369188 0.0011183594702701698
50 0.799415054581113 -0.017157960794848572
51 0.7744216625119952 -0.002393576907152824
52 0.8128526882306569 0.020771829714677892
53 0.7875460173454132 0.003701155878412068
54 0.8253519242261455 -0.02010898767019919
55 0.7994212122056377 -0.0008945247495536773
56 0.7744171251871191 0.019572079812671374
57 0.8128580380129095 0.0012674444974514103
58 0.7875424512886954 -0.017685307206277225
59 0.8253582091752987 0.00011372726055556668
60 0.7994165562389581 0.018978159832933272
61 0.774423163730649 0.004184397145667035
62 0.8128547192191047 -0.019786196400461482
63 0.78754822708364 -0.00215375004783491
64 0.8253538581259886 0.020827839827075218
65 0.7994228530730638 0.0020978901022500798
66 0.7744194631449339 -0.018175999098118845
67 0.8128602338422524 -0.0006536141772310448
68 0.7875441489973531 0.01864706102828631
69 0.8253600265660617 0.00018173619937418578
70 0.7994187266256076 -0.01831643457293144
71 0.7744253297807564 -0.0032002717003427046
72 0.8128567932906243 0.019907021104549148
73 0.7875500928077839 0.0024874287717677203
74 0.8253557817372879 -0.02089788751440611
75 0.799424922193568 -0.001870628421948494
76 0.774421363301741 0.018472738254792082
77 0.8114285685791329 0.007779040902114284
78 0.7875423337554893 -0.02261809115356161
79 0.819430004558757 0.021100583860532724
80 0.7966176588219017 0.016564658063298793
81 0.7716855431469534 -0.01776885819612346
82 0.796762642701143 0.008286056749406424
83 0.7756439595820247 0.019059813435696082
84 0.7930438446623885 0.0017197520736339557
85 0.7715629756141269 -0.029668483575488267
86 0.746819120487017 -0.023294017863785182
87 0.7571798437226656 0.03410348458410566
88 0.7339827856020167 0.030026627558757932
89 0.7092765678669092 -0.018786878567252974
90 0.7175111686995522 -0.01172734506933357
91 0.6965883678153234 0.035627385813709486
92 0.7059087216025467 0.08226133300416912
93 0.6867382923814686 0.04743959857391023
94 0.6646803403923743 0.01885980054176442
95 0.6764823067880892 -0.0013677208659771786
96 0.6622113651274102 0.03720639135571407
97 0.6454199991870162 0.007006464770334333
98 0.6656124940373038 -0.12263249523359197
99 0.6591654496351451 -0.17351300079177903
100 0.6483374239980012 -0.22454979287997096
101 0.6853927200587181 -0.2382360881677161
102 0.690379067953324 -0.19262695454336906
103 0.6892585391057142 -0.12288611205846488
104 0.7329698252789207 -0.03645221097884586
105 0.7401856438387296 0.047821625861635
106 0.7389123788566222 0.15321370992652242
107 0.7848941024094866 0.15508074017474568
108 0.788386785677348 0.10323689675360102
109 0.7770264170803348 -0.03053014423168331
110 0.7948727520768399 -0.030758773361390736
111 0.7822307585251403 0.013891481599429281
112 0.7871388924017817 0.07360838272051823
113 0.769586099737653 0.14347703463823802
114 0.7486719116415115 0.24256587426950246
115 0.7242130365003733 0.30886635207944724
116 0.6998828067717789 0.3369622887783227
117 0.6817835870251591 0.2954886313651854
118 0.6609560665576265 0.15364338588593485
119 0.6391570195403445 0.06813312819348842
120 0.618948503795143 0.03808851317607817
121 0.5515145115251774 0.049145496865610906
122 0.5306519741768881 0.02404654188364337
123 0.5130883579125741 -0.009096962592217414
124 0.4950410376576984 -0.03560749282281287
125 0.4625625991033249 -0.06741931640490109
126 0.439501792547055 -0.05957322252058871
127 0.418480779389668 -0.11178833984765983
128 0.39885596693782 -0.355558370076282
129 0.40518261298651514 -0.6440125027275757
130 0.4601165027818891 -0.675755712101591
131 0.5109096225828448 -0.6678442179676918
132 0.5481766117861648 -0.6645730939726793
133 0.603767614324109 -0.6463552026096576
134 0.6706416235082999 -0.6041061329485088
135 0.7181104814576185 -0.5560081371407279
136 0.7542202860603864 -0.4999343811497182
137 0.7764631681155786 -0.4316354653526148
138 0.7935246447889459 -0.33691352139065456
139 0.805058987116138 -0.19289176903727576
140 0.8103645510229905 -0.09581853190383711
141 0.8104409272794217 -0.10107228149250332
142 0.8081959157643599 -0.07465748876597868
143 0.8028464584322894 -0.04518607124113142
144 0.7959572369278751 -0.04072535475960735
145 0.7869207957643282 -0.06002905693672486
146 0.7755341759132391 -0.10032009045248086
147 0.8179545761812597 -0.2885300384654192
148 0.8043178310711809 -0.3462339850465294
149 0.7912160211337655 -0.323368324859063
150 0.8380634547688062 -0.27446868955268194
151 0.8221342478233893 -0.18484968167649463
152 0.8628889249741223 -0.08824612579527427
153 0.8389537036368782 -0.08622588269740653
154 0.8140400685935685 -0.0824144693863699
155 0.850003639940191 -0.002575799912674523
156 0.8234467763265946 0.08612674101937726
157 0.8523530985048919 0.15424680490950612
158 0.827574521781883 0.14810447845011876
159 0.8009699605596206 0.10399977987289569
160 0.8187026170114662 0.02719309323074477
161 0.7940120100612075 -0.025149185874303887
162 0.8133041196675524 -0.07862233818076836
163 0.7899688035146324 -0.1116712164875861
164 0.7632271376479443 -0.11167259043964572
165 0.7781786781134902 -0.050896122622825224
166 0.7543585709946112 -0.02732423474471067
167 0.7656648441045025 -0.048028445209209764
168 0.7399822036701997 -0.023701408009070033
169 0.710987587492314 0.03733140851102697
170 0.7208886692592102 0.06466151875798165
171 0.6952124123128652 0.040226809743715994
172 0.6620038720411573 0.003555315927653994
173 0.6692772651429039 -0.10261258287094596
174 0.6398559529836821 -0.11387455547544065
175 0.6339362835344824 -0.19611146095680387
176 0.6723258285888324 -0.162796394542043
177 0.6628140409846915 -0.0945460258956781
178 0.6538134158792452 -0.016452700761621114
179 0.6985063741541849 0.09699781946123592
180 0.698854913134171 0.18342893253771628
181 0.6913746973666374 0.277430599297401
182 0.7482942847692281 0.3632339444755711
183 0.7622705992927317 0.32907663055239744
184 0.7651323711034664 0.27546390249238456
185 0.8264716082107529 0.19705482900598476
186 0.8429418959268415 0.13719839552203633
187 0.8815676070958208 0.055949134843058135
188 0.870934119781683 -0.007720422166196687
189 0.8469988568898279 -0.07109021068722705
190 0.8699997970361463 -0.221990490056597
191 0.8486812360704568 -0.2942971308876459
192 0.8739871944805867 -0.2702699658306651
193 0.858747551203125 -0.1383437047753033
194 0.837826027731064 -0.06800954825270018
195 0.8693445199751927 -0.13710858590016767
196 0.8478609621370776 -0.1950009011786746
197 0.8745986806776418 -0.19275073216251093
198 0.8447604038610858 -0.12010568753061415
199 0.8705987194973431 -0.015110951421784
200 0.8400439687596145 -0.039329109702280964
201 0.8146131665916496 -0.06505849318830453
202 0.8494571003763643 0.008581921118433665
203 0.8220273106023503 0.08507649917636363
204 0.7949368488330697 0.05817166891817433
205 0.8312207508174354 0.06324379795568796
206 0.8066298648321579 0.013282104670370632
207 0.8428584926219045 0.05829856486647952
208 0.8169343866020531 0.09065099447233892
209 0.7915566957983425 0.07438520354530033
210 0.8285638520788318 0.1287045849408191
211 0.8030844153991092 0.16167121996566122
212 0.8399540822854327 0.14228413841841614
213 0.8140168489648218 0.0678577681287945
214 0.7883453278225787 -0.016699669201487247
215 0.8251238378430881 -0.08064606609248808
216 0.7991342215025719 -0.07494683744927993
217 0.836187731211617 -0.07626708876377397
218 0.810362683032214 -0.09084807087793897
219 0.7855139022014037 -0.07648863009321316
220 0.8230483007021613 0.011363256505256533
221 0.7975347405256663 0.08267977025470215
222 0.834099841811404 0.07598741443461461
223 0.8082844011885162 0.003936789891797263
224 0.7828695842664339 -0.04377746313911712
225 0.8204052037447619 0.017879797183470734
226 0.7948399663756415 0.06807698953262094
227 0.8320300436685634 0.05534314142153223
228 0.8059409539975321 -0.017113199371511133
229 0.7803139303520681 -0.06735366814036745
230 0.8181061291882055 0.028952538084619252
231 0.7926338222043884 0.06697821486819455
232 0.8300076003028649 0.01827095541090627
233 0.8040131558819203 -0.04880420584002671
234 0.7790870727559577 -0.06971248176829102
235 0.8168520734517345 0.05210627445411404
236 0.7913176235941309 0.09256958750818939
237 0.8237537718980289 0.02960957137652067
238 0.8024204088553509 -0.025472581114618607
239 0.77802782796612 -0.0017119448602574323
240 0.7970100695410944 0.07485376109718234
241 0.7739959778836359 0.05442979691071043
242 0.7897354491646797 -0.004845215397771094
243 0.7692595291742432 -0.02445192276817443
244 0.7478807206185925 -0.006790303312578011
245 0.7602728643457611 0.039922832636084926
246 0.741675452856884 0.048157891656684354
247 0.7247565942563607 -0.0080781164595176
248 0.7374248848303402 -0.041407911411206456
249 0.728231339153431 0.011328633013885004
250 0.7426953296644951 0.053779743752662056
251 0.7385324905172718 0.0007216289193199501
252 0.7307389946479486 -0.06255503180168487
253 0.7466865947241047 -0.059168123573244205
254 0.7420886809892429 -0.015508988091756536
255 0.7308560932960124 0.008015944532489874
256 0.7509429480174559 -0.04388735140337931
257 0.7470207938896857 -0.08347558514521447
258 0.7356204187757063 -0.054495362542953965
259 0.7712746458639395 0.016458823704160516
260 0.764239144409154 0.05681066511487225
261 0.8060319056468793 0.02889585403282126
262 0.7911002864950928 0.04016886574860444
263 0.7707022195007314 0.09961704429139644
264 0.7993636107723364 0.13047315136222226
265 0.7801650937973695 0.07058820648851205
266 0.8014499870037435 0.030138135721039624
267 0.7797562078792045 0.04570920330974061
268 0.7538504208434365 0.06927479253847844
269 0.7700526144034643 0.10897123769551244
270 0.7497898176795464 0.04109695167551437
271 0.7267410994004984 -0.02155562857619279
272 0.7445691383585792 0.07936822184561866
273 0.7281748047859647 0.07414453694778503
274 0.7504655471335886 0.13837556107431176
275 0.7381532438851446 0.0631306326339981
276 0.7190264515541227 0.0562071812716889
277 0.7377607828863504 0.2155791860249879
278 0.7226356599339363 0.1931278375404074
279 0.7029614705193642 0.14767095815872572
280 0.7275415913237578 0.30991224375122034
281 0.7152415499712642 0.30777151020335813
282 0.770669357896315 0.37894086820994344
283 0.7678771227339151 0.35742853062170565
284 0.7589913240878129 0.214877348263899
285 0.8042841626864393 0.20436195837574872
286 0.7862255846550246 0.2379507177812134
287 0.7658146855114849 0.19603570674485388
288 0.806810832199296 0.1369967000157642
289 0.7845771875736466 0.1247161084857039
290 0.8214872087615871 0.1082360052425478
291 0.7996705107160992 0.09587934114133075
292 0.7755471529464129 0.08044274060779519
293 0.803478744494203 -0.0032458091051578907
294 0.7854780022094296 -0.014304882447380146
295 0.816340132765088 -0.013232641233115107
296 0.7989578047896885 -0.024563066895020493
297 0.7752451754555111 -0.00483405500413665
298 0.8091551541325834 -0.05382783615877273
299 0.7875049307778196 -0.07898510119656195
300 0.8207192979400385 -0.05077345046847827
301 0.7997574070375144 -0.035324913769764675
302 0.7750954748571769 -0.029189430108211956
303 0.8121477147429 -0.060609626294351675
304 0.7880700536496499 -0.06117800760945214
305 0.8259281856820526 -0.037382264428760865
306 0.8002577106109819 -0.019155352530462903
307 0.7753934528280297 -0.02080034755322551
308 0.8135658487617335 -0.031123145605153946
309 0.7882946601512868 -0.026321177861740493
310 0.8261254840232913 0.0027920721353596237
311 0.8002216906943691 0.004187968910217149
312 0.7752332152040892 -0.020521793267118775
313 0.8133338801433441 0.0005864949450253771
314 0.7880240690654513 0.014997274857728383
315 0.8258088985558345 0.015394988354020775
316 0.7998839896110622 0.00045620422526046234
317 0.7748911764494628 -0.014809761393281357
318 0.8133144430761987 0.01949248972584713
319 0.788003417821777 0.02339972386432746
320 0.825811077263209 0.000789366153832536
321 0.7998881440791565 -0.003963292940257302
322 0.7748946500101397 0.00973261989981549
323 0.8133287377566933 0.015343384124917772
324 0.7880223394922289 0.003454774902828529
325 0.8258361198135473 -0.009167115594702744
326 0.7999040253239347 0.007851270804129493
327 0.7749016914355317 0.01754104448120554
328 0.8133406627500569 -0.004398883012388258
329 0.7880290543778141 -0.014934904371900563
330 0.8258431921144689 0.0005525148340688394
331 0.7999055310818793 0.009316204378782469
332 0.7749078414079539 0.0019753393104564635
333 0.8133417396829132 -0.013531117399144319
334 0.7880320560990431 -0.0037069304570620538
335 0.8258426674941185 0.005017579242628892
336 0.7999071937232506 -0.0036045934668093456
337 0.7749060404044772 -0.01323521644019311
338 0.8133428885545574 -0.006936863369251564
339 0.7880326854418667 0.003046875120174196
340 0.8258454236729028 0.0037585101964665818
341 0.7999098648239277 -0.003859979186170704
342 0.7749107579081296 -0.0037594835891796657
343 0.8133471581941263 -0.0020052354479342675
344 0.7880355204054195 -0.002396153596798286
345 0.825846900683034 -0.0016652450836184204
346 0.7999101421304172 -0.002198873131710769
347 0.7749108633992293 -0.0022837550267971254
348 0.8133473403165628 -0.0015098985745086457
349 0.7880355262799297 -0.001967437648632408
350 0.8258469893670699 -0.001475135605722182
351 0.7999101809527573 -0.0019297858042090202
352 0.7749108382372846 -0.00200680731934033
353 0.8133473119964421 -0.0013394303995736755
354 0.7880355709366424 -0.001798110202190382
355 0.8258469688358135 -0.0013151892953524205
356 0.7999120846280847 -0.001741185002861435
357 0.7749107950772847 -0.0018261717053161845
358 0.8133472824397561 -0.0011836800141348048
359 0.7880354510018618 -0.0015649984888309106
360 0.825846789074082 -0.0011077874424262073
361 0.7999101011387795 -0.0014987504748401688
362 0.7749108538769541 -0.0015920289812706603
363 0.8133472474745344 -0.0010023471810685118
364 0.7880372979586922 -0.001349191734105987
365 0.8258469059757584 -0.0009179664441097902
366 0.7999120133531316 -0.0012710123167240601
367 0.7749107153181477 -0.0013517035052657959
368 0.8133470659337875 -0.0008190620799407047
369 0.7880353650136555 -0.001118619672968338
370 0.8258467268560193 -0.000731543483125207
371 0.7999100409466695 -0.0010352682001403706
372 0.7749107843691281 -0.0011090627135529063
373 0.8133471817157516 -0.0006284112485352247
374 0.7880354324856231 -0.0008894969328628003
375 0.8258468442223762 -0.0005399162582999906
376 0.7999100180838237 -0.0008017536540069474
377 0.7749107587131612 -0.000868470784025704
378 0.8133470170759279 -0.00044500265058754104
379 0.788035313810175 -0.0006636839814693118
380 0.8258468195613797 -0.00035207872966584074
381 0.7999099982921319 -0.000567920215475418
382 0.7749125176527829 -0.0006282537194489172
383 0.8133471459063291 -0.0002572378859063468
384 0.7880353072468851 -0.00043505744042441935
385 0.8258468157985773 -0.00016200047722923202
386 0.7999099934145352 -0.00033382607739435553
387 0.774910723748322 -0.0003852676988645776
388 0.8133471321390754 -7.270097573322647e-05
389 0.788035294276115 -0.0002061738538744255
390 0.8211231681491281 -0.006685095356606477
391 0.7983434682175073 0.0012382332879618005
392 0.7752202771399302 0.013350648314054064
393 0.7992026998566193 -0.025336911729232456
394 0.7806896053798149 -0.011757560708113778
395 0.8035451489433711 -0.004947578498945247
396 0.7940681159461557 0.03261417731546675
397 0.7764861339112142 0.04548945251494514
398 0.8046460379288136 -0.04058335255124337
399 0.7894853382351477 -0.018098012935423766
400 0.8179512514928937 -0.007008922112598258
401 0.8020648920110949 0.0483021587070391
402 0.7770949589338162 0.03416062587527523
403 0.81108953974452 -0.054174771107173274
404 0.7899410051719181 -0.01860540147656697
405 0.825757398828028 0.03177519732149182
406 0.8017894858703302 0.02914092016159239
407 0.7767951006735623 -0.018306397941772717
408 0.814915405966201 -0.0305157606111149
409 0.789611473592812 0.015582357096796551
410 0.8196339532879221 0.054292264591608276
411 0.7972854088737562 -0.0034746886009058976
412 0.7742364993762049 -0.04535560139153996
413 0.7892572024188437 0.03702558518326359
414 0.7657945557722945 0.07058950595582081
415 0.7710751485423981 0.09880243798078599
416 0.748157581883917 0.034731744276808404
417 0.7243749284218256 -0.028036671886777324
418 0.726921163367593 0.001825039435538278
419 0.705696115702983 0.049444012885740476
420 0.6850369224353225 0.08745371063799535
421 0.6911121139566757 0.16898119982369136
422 0.6892211893776014 0.24243001293720898
423 0.6914052817699393 0.3022607277645465
424 0.7177583061389737 0.38946599434806606
425 0.7211628253520094 0.41223235945384845
426 0.7630424546912165 0.46892728808072154
427 0.7667514759224024 0.4446186442850522
428 0.765122594401659 0.3596977800772827
429 0.7598461303377052 0.24690938263132609
430 0.8044592165705441 0.22399404239872595
431 0.7889221332474415 0.24094607120237024
432 0.7699416897589187 0.22556143138882292
433 0.8111183835727006 0.13862268806158165
434 0.7895079284755375 0.08018410951162408
435 0.8291065068342472 0.03154844144082715
436 0.8043765915478756 0.041471043350427526
437 0.7793048978620288 0.04997612384579781
438 0.8171136987371952 -0.038150608684919686
439 0.7912052666898416 -0.06280533229427025
440 0.8286420140730762 -0.04625839980856343
441 0.8033335940661713 0.012113930315967133
442 0.7787422512880924 0.04678518487512602
443 0.8167616080303172 -0.0370689026925672
444 0.7907819252774434 -0.08484323142780256
445 0.8283427925364715 -0.0582667181597043
446 0.8030274240992231 0.014990074012100216
447 0.7784044758255992 0.05173005163449514
448 0.8164743634117756 -0.01867926463130124
449 0.7905871156270693 -0.08913186789694359
450 0.8282972239150612 -0.10105905027122185
451 0.8025954349487803 -0.04454060698755934
452 0.7776407665443195 0.0074277314192887885
453 0.8157971118980412 -0.006027823335243594
454 0.79021418119129 -0.039079659238310166
455 0.8280234221492332 -0.0033523566312137396
456 0.8019560265772614 0.05306042298785052
457 0.7768967128712042 0.06985256185459747
458 0.8150902851499697 0.04370639996420362
459 0.7896274769090939 0.005125668352583473
460 0.827535519815303 -0.01777428921816992
461 0.8016408066202069 -0.017809694598100903
462 0.7766287567870285 -0.00687328754478564
463 0.81472093460495 -0.02104883770946584
464 0.7893946251146965 -0.03463655010167663
465 0.8271896851867365 -0.03165802882243328
466 0.8012298094105463 -0.014264703306812296
467 0.7761839988560186 0.007209180059496572
468 0.8142724868049507 0.027137222019924263
469 0.7889704402192036 0.025168450389744863
470 0.8268172956863734 0.015284713749120618
471 0.800940805599477 0.003366157051267182
472 0.7759762355861984 -0.0042453244632627415
473 0.8141136860895439 -0.0005814448327464165
474 0.7888038250699235 -0.004230786778350865
475 0.8266105252938842 -0.019550775563856086
476 0.8006691697241075 -0.02949480677257617
477 0.7756561207115159 -0.01732940208357514
478 0.8137430945100241 0.007150996947299832
479 0.7883993124186395 0.01873620944148125
480 0.8262141422995035 0.010564057358668173
481 0.8003096445523342 -0.00151973214223683
482 0.775330671570785 -0.000545539394118637
483 0.8134583708949754 0.011210092742230265
484 0.7881466430495734 0.015267139845537075
485 0.8259706165198579 0.0014551338846927598
486 0.8000514260921491 -0.02009757121310153
487 0.775057879533279 -0.023409867755760285
488 0.8131658969782017 -0.00602846680977867
489 0.7878295088848997 0.0032180784406950842
490 0.825624991141812 0.008349747655698469
491 0.7996875957704381 0.005347814202246861
492 0.7746988278263159 -0.0021337873912483664
493 0.8131489877108065 -0.00550935275493395
494 0.7878411784239617 0.000858276210881121
495 0.8256381134948513 0.018561724757202868
496 0.7996981221885721 0.018263317174303597
497 0.7747204634123143 -0.0026776731895671287
498 0.813177314838074 -0.026553953731081974
499 0.7878749365177148 -0.025333090652987847
500 0.8256561668737734 0.0067728921043619895
501 0.7996693971469218 0.028272185818801455
502 0.7746820313110486 0.0109422833345814
503 0.8131490798716458 -0.022144517196095316
504 0.787864848679345 -0.021897578598085627
505 0.8256594079202846 0.007223603919964633
506 0.7996888598022881 0.025021473624545876
507 0.7746987196581322 0.011460530679524504
508 0.8131612607001104 -0.022947291945315258
509 0.7878743885011747 -0.02551951158751553
510 0.8256724804592454 -7.16906080217781e-05
511 0.7996888041406944 0.026515908725988233
512 0.7746844974385424 0.022635194924984
513 0.813149943001326 -0.014175219958306097
514 0.7878706574959655 -0.02662631444239841
515 0.8256854850593738 -0.006639030098022749
516 0.7997064826622731 0.02092239846298289
517 0.7746854725639021 0.02993869260402469
518 0.8131434486028627 0.003508898468822245
519 0.7878660151846761 -0.022963711261375263
520 0.8234320981577106 -0.017854250305509037
521 0.8000533502579522 0.0026028011239380643
522 0.7750233776910294 0.019412028895336973
523 0.7999391030211676 0.01452655140833051
524 0.7779909246136385 -0.008008031421668005
525 0.796273198913824 -0.014073727785551781
526 0.7730895811661308 0.0017927972478299886
527 0.7503243161805065 0.01278628685500322
528 0.7630655659672241 0.008773929512383021
529 0.7464574011280175 -0.003837790988484008
530 0.7282281254453223 -0.013781114126994167
531 0.7474715611498565 -0.02834570934753529
532 0.7354404199690063 -0.014101853804887475
533 0.7566300592884213 -0.008067314512440856
534 0.7470620985088013 0.019234965571758748
535 0.7280813576715124 0.029529453038744286
536 0.7498280957135753 -0.08231050144491076
537 0.737661628880139 -0.10707271001153161
538 0.7190401000121187 -0.04341048332501722
539 0.7487561122540438 -0.09122480346071814
540 0.7421410663228246 -0.06820150714467944
541 0.7761363989045653 -0.05607534340472912
542 0.7683734381759572 0.03539743285980777
543 0.7551015151298741 0.12844316038275724
544 0.7868934895895053 0.10971772285177471
545 0.7719947493702073 0.07887008041923732
546 0.7544503775466246 0.08749403750509693
547 0.7849355570394451 0.16264652764354853
548 0.7711135006670273 0.20046215667216372
549 0.7956228534968649 0.15727797700757748
550 0.7820362051651225 0.08829253119038644
551 0.7660152480843463 0.059683989229583616
552 0.7963759059370411 0.12630717092379012
553 0.7876236145071587 0.22947666382752008
554 0.8096433870077395 0.32103585207207086
555 0.8010969531100223 0.3372196089567719
556 0.7893370528141311 0.2556745048014314
557 0.7757289568218129 0.208715475731122
558 0.762215064516645 0.2198337544034673
559 0.7478635781151646 0.26012484968391775
560 0.7881661400551879 0.3839978734552907
561 0.7805439253730011 0.3657180574308125
562 0.7608360267462917 0.31535659291802914
563 0.8049571276378739 0.23323320418637564
564 0.7879708439769905 0.15962786431122777
565 0.8300663843453054 0.07163955610634407
566 0.8060864116083798 0.005928558467394583
567 0.7806792084725668 -0.03458683759983498
568 0.8181457476888379 -0.15668010787369527
569 0.7922645569990713 -0.1892497237116242
570 0.8301364850726931 -0.15201296847706544
571 0.8047850787350255 -0.10084587109585212
572 0.7801134714859002 -0.044357611952540975
573 0.8179065556936694 0.04374515056815974
574 0.7920604192497346 0.10389400502080157
575 0.8290761231736792 0.19808604092866688
576 0.8042466363413245 0.1892330375279376
577 0.7796182519211748 0.14188990479727756
578 0.8181837864542484 0.05362932078801893
579 0.7932646563762399 -0.013450674035292206
580 0.8308737890530347 -0.13792346745465614
581 0.8046940699113039 -0.18024850374794182
582 0.779730531662084 -0.15299870755996542
583 0.8177318884580652 -0.09065036506721535
584 0.792272511534045 -0.04598742716974942
585 0.829996551439957 0.020388012943645846
586 0.8038636825225849 0.07168322644396001
587 0.7787758618350419 0.11658177065313817
588 0.8168844146498895 0.14739465519958195
589 0.7919455957798276 0.12298366024574614
590 0.8301227460194479 0.052137513572298816
591 0.8046674933659312 -0.018834687358092322
592 0.7797461312439291 -0.07636474635901694
593 0.8175836353391762 -0.1415336491932041
594 0.7919715707809268 -0.13881170015319846
595 0.8296227749280815 -0.08031537419341926
596 0.8035857901927869 -0.014028653620578608
597 0.778405408518814 0.029452395641138444
598 0.8164613511364013 0.08664136619576401
599 0.7909257455625464 0.11103366557282915
600 0.8289041757405956 0.10198501792257741
601 0.8034184085430565 0.06165057589287246
602 0.778687273410947 0.004298505627177539
603 0.8169153400355703 -0.08204533856603995
604 0.7913230176597034 -0.0934179398780069
605 0.828974766638426 -0.07011887586514295
606 0.8029747259860105 -0.032809915862133894
607 0.7778665905819674 -0.008579364056922301
608 0.8159613136301527 0.008920376616663334
609 0.7903206113796831 0.022160151620954027
610 0.8281001606638206 0.0559267515061997
611 0.8022102723273771 0.07282096181410463
612 0.7773702070702737 0.04857554643098145
613 0.8156421141589801 -0.012828148072197242
614 0.7901291315870134 -0.04610937026010018
615 0.8279202209457137 -0.05565668738315375
616 0.8019235392581691 -0.0216607431319032
617 0.7768012797921727 0.015397285397785853
618 0.814898025211354 0.0015935088312415038
619 0.7896395096458161 -0.030171470705488517
620 0.8274579282912188 -0.02056099168796423
621 0.8014385168772915 0.02141592339445839
622 0.7763541343187496 0.05495602882642738
623 0.8145121330879915 0.048389592870465445
624 0.789331207983355 0.01547040225318816
625 0.8272316130871449 -0.03388096665958805
626 0.8013518525730686 -0.045066056976966196
627 0.7763276097136909 -0.019290868917395593
628 0.8143332100441321 0.013569716594401867
629 0.788992421192856 0.010402913204429792
630 0.8268193941059719 -0.012200687294246147
631 0.8009087401513647 -0.01876726270437587
632 0.7758901876741405 -0.0029633957292970886
633 0.8139475677027938 0.029960809653311094
634 0.7886313479275883 0.033102824752762425
635 0.8264983778189218 0.004128858886036857
636 0.8006349226084921 -0.013281094141389206
637 0.7756526804237978 -0.006219086180131096
638 0.8137500672397269 -0.004106617191274419
639 0.7884171558945982 0.0008723826558721258
640 0.8262182612919268 -0.013256762069929453
641 0.8002810470043625 -0.016929382628021312
642 0.7752626116476934 -0.00959604432927036
643 0.8133307305421955 0.012707098060250244
644 0.7879891817843387 0.024063337089349816
645 0.825811118800793 0.016651483873614762
646 0.7999240720539156 0.006293900519561714
647 0.7749708018227892 -0.00676328501723005
648 0.8134232614122285 -0.018126670529847053
649 0.7880978336059108 -0.005740142532033838
650 0.8258565964134312 0.00647379878122028
651 0.7998954020581445 0.012617252078556332
652 0.7749159341880153 -0.0028388834307836812
653 0.8133658649626426 -0.014776956338160143
654 0.7880577599726908 -0.013074465622719534
655 0.8258412803186768 -0.0028931476235286527
656 0.799879994133277 0.007244967920485005
657 0.774877557181132 0.007275425697977504
658 0.8133251551731615 -0.004412150888894327
659 0.7880354333494543 -0.010058212807704643
660 0.8258411407226691 -0.00837326466221196
661 0.799883872789464 0.004965397545120252
662 0.7748589418057875 0.01652355636037949
663 0.8132846274879076 0.013334932040497
664 0.7880115314284781 -0.005718860659116994
665 0.8258397365379183 -0.01519565962008523
666 0.7998887611557303 0.0018377581486066208
667 0.7748404781016371 0.023387422875198675
668 0.8002858952108711 0.015558759849413678
669 0.7785883506207416 -0.00639815400312012
670 0.7962205039799743 -0.03033160902728392
671 0.7731594282424251 -0.013037186051298548
672 0.748984144164464 0.019632981681408732
673 0.7635186017939033 0.01990297494541481
674 0.7448808219200398 -0.008659993396337844
675 0.757306341574567 -0.03258883920372699
676 0.741581249457737 -0.011918059166454888
677 0.7271451312666992 0.026560898543453212
678 0.7426331616306838 0.02676650899933921
679 0.7326220713904289 -0.0036272932404981407
680 0.7178346366281078 -0.03080770589135929
681 0.7357088346292714 -0.08469488424754018
682 0.7270401576532972 -0.06296439339640972
683 0.710897854726267 -8.680652875289156e-05
684 0.7377577445547916 -0.043885883318367486
685 0.7312935361355155 -0.040763703184463755
686 0.7680049407894034 -0.06769909234504369
687 0.7625867470676464 -0.014635713680094354
688 0.7527228502676107 0.0867728358906957
689 0.7856035229506749 0.09090226934981985
690 0.7745219614000478 0.06833129590119061
691 0.7559734089124132 0.08198786992479228
692 0.7742277668389004 0.13119802998233768
693 0.7540923498955295 0.15540697828185376
694 0.767404333844126 0.1030453003063835
695 0.7432064792909526 0.03707553264568097
696 0.7171418249105156 0.017264999795351847
697 0.7223612208904319 0.04454780352472229
698 0.6962800922937038 0.0599979054906243
699 0.6677978158412634 0.06155955383600181
700 0.670028576682697 0.051975607768419786
701 0.6448820423274341 0.024319001011288893
702 0.6184253788716095 -0.025759637876073285
703 0.6189687901635801 -0.04068880397158596
704 0.5932977180908039 -0.08528427590798589
705 0.5643378493601507 -0.1988084904190731
706 0.5630961714906306 -0.2148111401560012
707 0.5625477680081996 -0.2392561932328211
708 0.5682605855846051 -0.2884449213067509
709 0.6048720065485257 -0.3260282172552761
710 0.652753829916979 -0.24093022418050264
711 0.6560527523518735 -0.16149149009463232
712 0.6580258132628669 -0.08271742116401763
713 0.676493247017236 0.03921002904540481
714 0.6784593208117838 0.13151613170910723
715 0.6728023389967847 0.08130557228128395
716 0.654680348347092 -0.0759461836040733
717 0.6386179299207914 -0.07122210555477719
718 0.6170690844205742 -0.037468851858061106
719 0.5944959572622777 0.00812738362985111
720 0.5720776239513857 0.06243500762682076
721 0.5510300226149749 0.1347349316034891
722 0.5434253356096186 0.22298637751919773
723 0.5480201349685931 0.3035253983536478
724 0.553834365646067 0.3904120713701662
725 0.5613343633110862 0.4953587453359383
726 0.5994630920790711 0.642294201877959
727 0.637960279403324 0.6043897922598612
728 0.6474955421702954 0.5416653928050147
729 0.664810737371315 0.47224118536941734
730 0.6836165426675689 0.4018700203952537
731 0.7561095527774674 0.3091258283054215
732 0.7817779392669094 0.23729326845068616
733 0.8441508067207664 0.1549323917033334
734 0.85376176147902 0.09477348676610264
735 0.8409431769054934 0.03817855625223416
736 0.8638901859515683 -0.036871377466799526
737 0.8425544953239704 -0.10771014150453305
738 0.8190159862530421 -0.2041054370226746
739 0.8457659555431658 -0.3563760763557868
740 0.8418941006352977 -0.32587250487193425
741 0.8775153537490645 -0.23733171045927154
742 0.8648191690494184 -0.15696218700274486
743 0.845380104171906 -0.08264415609185706
744 0.8763828316981069 -0.0005260789467046409
745 0.8596983065213681 0.0605241039392709
746 0.8884521410871469 0.12440400797671221
747 0.8685825972607145 0.18848397673132547
748 0.8978212837328541 0.3179217324668165
749 0.8746975882693948 0.37409472973270136
750 0.9014212383421202 0.30130244504153963
751 0.8778901971376327 0.24429035851500522
752 0.8551550112259176 0.20515037651398702
753 0.8772301366031626 0.0651887104205317
754 0.8506427198338469 0.02235934020566208
755 0.8252579835581824 0.03222586927192203
756 0.8482673626119307 -0.152545620381046
757 0.8239531993757071 -0.12846463738270056
758 0.7991051274433013 -0.04208570077593113
759 0.8278394679112286 -0.1671648179024242
760 0.8044433204229485 -0.17220531933028838
761 0.7811848910433274 -0.0819046825802786
762 0.8153399547458865 -0.16584441865797458
763 0.7922026795032823 -0.1790485860355559
764 0.7694721520445625 -0.08967856524606704
765 0.8072021766261384 -0.1323939116966772
766 0.7837233741799277 -0.15788494196375763
767 0.8219926391925013 -0.17235911871329432
768 0.7981512706590862 -0.09282723684547864
769 0.7745174758911014 -0.028966888031338373
770 0.813604451713617 -0.06681793260920559
771 0.7886169418317082 -0.10410788538342947
772 0.826619359574317 -0.03886443398874431
773 0.8009987584073656 -0.002598837845412033
774 0.7762280726415354 -0.03822274594113033
775 0.8142192843959603 -0.02342714404712621
776 0.7889448718476255 0.003573888825538844
777 0.8265628171477142 0.045255607605507085
778 0.8007015504721233 0.009802147583068289
779 0.7757004858034018 -0.03753945895827826
780 0.8137246987775066 0.026784776392701076
781 0.7884063554471088 0.06572985797123683
782 0.8261505477009832 0.03198695029596295
783 0.8002983248824979 -0.020666117936743823
784 0.7753877886060314 -0.0076991132244416905
785 0.8134631833298503 0.056949827128775936
786 0.7881802181466026 0.04932007799119895
787 0.8259933533337519 -0.016880007891653587
788 0.8001283981631013 -0.017527614096768535
789 0.7751335427634303 0.033585744416250486
790 0.8132470286308395 0.04471262485627954
791 0.7879564349453853 -0.002594311199233387
792 0.8257700595921211 -0.025422253509734146
793 0.7998583880077387 0.010323101245325437
794 0.7748400732198696 0.04141097625378756
795 0.8132874154409058 -0.006445541374108474
796 0.7879664166063954 -0.033637250001308724
797 0.8257876305426477 0.006474199582804286
798 0.799844980569121 0.02697000778084518
799 0.7748567374624398 -0.004100243964832647
800 0.813272921025956 -0.039960342803912884
801 0.787980715705071 -0.011848376121520673
802 0.8257775140505147 0.027128478463663674
803 0.7998629312355912 0.0027916479268796906
804 0.7748486882021588 -0.03404861734243089
805 0.8132941191105019 -0.011012056737766404
806 0.7879820734025408 0.01865654524853463
807 0.8258032090200208 0.0012142419391961109
808 0.7998594145795087 -0.024882608550350564
809 0.7748681512908494 -0.010021960721553933
810 0.8133017118957986 0.015508804451797274
811 0.7879959303213067 0.007942439180231069
812 0.8258011322845655 -0.022537805085421
813 0.799868573915533 -0.013995871328171277
814 0.7748677925277146 0.013507632034814337
815 0.8133066392110487 0.00929071264078915
816 0.7879957759321532 -0.009026504578061176
817 0.8258068995825073 -0.009005918659413725
818 0.7998701885142746 0.008617945344317491
819 0.7748719146804215 0.011126843558515502
820 0.8133084204051156 -0.007280638803682094
821 0.7879974489350975 -0.00901079760648858
822 0.8258077175032225 0.013625180548081343
823 0.7998713528508568 0.012842027712227241
824 0.7748731129710639 -0.005017112314436683
825 0.8133097739476467 -0.006195667112882896
826 0.7879970573468533 0.011765702703080218
827 0.8258070289647536 0.015822962739595128
828 0.7998724487280449 -0.003058085107523276
829 0.7748724156409579 -0.0163118160402676
830 0.8133124932460188 0.0009373840600570935
831 0.7879954380896795 0.020523242047837773
832 0.8258113014291376 0.0009498550065926524
833 0.799870607695856 -0.016948661926017013
834 0.7748790353199448 -0.0022697211141235224
835 0.8120944165233909 0.013552742482452126
836 0.7880007927774335 0.007954230343828462
837 0.8197382956120657 -0.0416592969598335
838 0.7961915196540197 -0.008342547022963614
839 0.7706563110850747 0.03642961621289461
840 0.7957746734259726 -0.02421836382741371
841 0.7719276976933481 -0.038784430944027115
842 0.7890956965003223 -0.009184959163764193
843 0.7657097738524071 0.044168024030408405
844 0.7404564312154529 0.058133329076872124
845 0.7478705258994627 -0.012832781113450917
846 0.723408397465547 -0.02217383534935336
847 0.7004377048518379 0.05787868452254392
848 0.7023012353190724 0.041693731975054396
849 0.6771038243249705 0.012673815479879847
850 0.6523121020913856 -0.018274292967476236
851 0.6436733378809082 -0.049407972779822715
852 0.6216140318644438 -0.07700814546524927
853 0.5994228359718576 -0.1017888786953425
854 0.5848088628309974 -0.1241141345771132
855 0.5683207553879857 -0.14489481302422444
856 0.5532430098010357 -0.16559600957745987
857 0.5418989244805742 -0.18738666014489389
0 0.799393975860021 -4.583556386899586e-13
1 0.8290795560346367 0.1260125438191842
2 0.8112567114694238 0.12449686558655902
3 0.7862680358374702 0.009795026441636035
4 0.824229366021886 -0.06786364018752414
5 0.7987896822263933 0.0034703882499111864
6 0.7736795042897776 0.06350667897098876
7 0.8121740740570432 0.02742528492827209
8 0.7868622970560111 -0.025631825417940957
9 0.8246823404771343 -0.023221667826275043
10 0.7990627178821901 0.0298983378007455
11 0.7740734871193116 0.03813500137118085
12 0.8124880812007212 -0.02975744567050073
13 0.7871835674796251 -0.04394341880909843
14 0.8249879093929935 0.0075887186705873785
15 0.799376179830121 0.023305733599962585
16 0.7743925413147448 -0.012601544597298436
17 0.8128083410559468 -0.04163650059499155
18 0.7875170751780219 -0.01046299461981218
19 0.8253199122372898 0.020101342042214216
20 0.7994066472144333 -0.0024999656551733113
21 0.774398898553699 -0.02920708686699316
22 0.8128401222664199 -0.011791986368942303
23 0.7875271915578945 0.01791958503522197
24 0.825346926387349 0.004146675624071115
25 0.7994047060735475 -0.023246305387669055
26 0.7744128015573357 -0.009156438452949035
27 0.8128443943637561 0.019843080315387427
28 0.7875385120034415 0.011538654812919347
29 0.8253452212609489 -0.01680102879218251
30 0.7994133561807074 -0.008956336911099698
31 0.7744099406253641 0.018033834167302577
32 0.8128470187570295 0.016203455303272062
33 0.787535692800985 -0.01282075442505372
34 0.8253474916780205 -0.015974441865091143
35 0.7994139881803298 0.009660578159507535
36 0.7744117450861827 0.022507518820991872
37 0.8128521678243491 -0.006783279608831488
38 0.7875388871851984 -0.017523493827925268
39 0.8253524941754301 0.012928404782285916
40 0.7994117099780299 0.022089372304824044
41 0.7744177355373056 -0.0028539066773563848
42 0.8128507046913218 -0.01732282548248618
43 0.7875444836497526 -0.0007008610169406118
0 0.799393975860021 -4.583556386899586e-13
1 0.8290795560346367 0.1260125438191842
2 0.8112567114694238 0.12449686558655902
3 0.7862680358374702 0.009795026441636035
4 0.824229366021886 -0.06786364018752414
5 0.7987896822263933 0.0034703882499111864
6 0.7736795042897776 0.06350667897098876
7 0.8121740740570432 0.02742528492827209
8 0.7868622970560111 -0.025631825417940957
9 0.8246823404771343 -0.023221667826275043
10 0.7990627178821901 0.0298983378007455
11 0.7740734871193116 0.03813500137118085
12 0.8124880812007212 -0.02975744567050073
13 0.7871835674796251 -0.04394341880909843
14 0.8249879093929935 0.0075887186705873785
15 0.799376179830121 0.023305733599962585
16 0.7743925413147448 -0.012601544597298436
17 0.8128083410559468 -0.04163650059499155
18 0.7875170751780219 -0.01046299461981218
19 0.8253199122372898 0.020101342042214216
20 0.7994066472144333 -0.0024999656551733113
21 0.774398898553699 -0.02920708686699316
22 0.8128401222664199 -0.011791986368942303
23 0.7875271915578945 0.01791958503522197
24 0.825346926387349 0.004146675624071115
25 0.7994047060735475 -0.023246305387669055
26 0.7744128015573357 -0.009156438452949035
27 0.8128443943637561 0.019843080315387427
28 0.7875385120034415 0.011538654812919347
29 0.8253452212609489 -0.01680102879218251
30 0.7994133561807074 -0.008956336911099698
31 0.7744099406253641 0.018033834167302577
32 0.8128470187570295 0.016203455303272062
33 0.787535692800985 -0.01282075442505372
34 0.8253474916780205 -0.015974441865091143
35 0.7994139881803298 0.009660578159507535
36 0.7744117450861827 0.022507518820991872
37 0.8128521678243491 -0.006783279608831488
38 0.7875388871851984 -0.017523493827925268
39 0.8253524941754301 0.012928404782285916
0 0.7992580216422426 -2.5029238786818134e-14
1 0.774258768404197 0.13799106830411764
2 0.8134112643462694 0.16718395167741304
3 0.7883153326419606 0.05275652488586214
4 0.8257652341888215 -0.06784057799750666
5 0.8004435391287749 -0.011169451202549713
6 0.7753891592857619 0.0465754005433255
7 0.8135421867033249 -0.00659779195123712
8 0.7882169803403712 -0.04252957288376334
9 0.8260214781617249 -0.04228592717687077
10 0.80010502530568 0.009776253924691584
11 0.7751215342916531 0.042459930126977415
12 0.8132339919909843 -0.029072539856234616
13 0.7879126717062425 -0.06241808632943843
14 0.8257321389448393 -0.005978779956435702
15 0.7997858168136897 0.032575616805345715
16 0.7748340236571334 0.01618364100817484
17 0.8132507365882065 -0.03312585300590399
18 0.7879521351964377 -0.03374994312912011
19 0.8257459528260191 0.02943619968412337
20 0.7998215717513943 0.026960140316787215
21 0.7748271588938859 -0.01692688393208678
22 0.8132509374496987 -0.03063364187621973
23 0.7879543224235686 0.009952280342705289
24 0.8257472597237828 0.032278588826308026
25 0.7998325924562569 -0.0028361825906624448
26 0.774829642296868 -0.03267232908524105
27 0.8132685671074998 0.00440743188263059
28 0.787951257569076 0.03218366751322961
29 0.8257670806442733 0.0025093995965371207
30 0.7998255413723454 -0.02249089431065761
31 0.7748423445292411 -0.008267072049488594
32 0.8131536350024232 0.033226335670120205
33 0.7878709495889121 0.017755385784472878
34 0.8254122279593519 -0.0005450277064197469
35 0.7995249476677144 -0.022574328759703954
36 0.7745722637144914 -0.02021881072517442
37 0.8126398615179374 0.05561233531395612
38 0.7875226378807036 0.02002437497243168
39 0.8249243440960754 0.0213548968887252
40 0.7994769216210713 -0.018920209378900345
41 0.7746577463298938 -0.054967989206439534
42 0.8125986609321365 0.09460583087453955
43 0.7876149162290857 0.0871768897639984
44 0.8249800422720671 0.12408148500197261
45 0.7996848875412413 0.047740355199784715
46 0.7747858768876656 -0.017980655991472007
47 0.8149200251782768 0.05123412816381493
48 0.7896675372214761 0.09019339820481061
49 0.8274608643168869 0.048765021978169884
50 0.8015597086788248 -0.01817484957338765
51 0.7766520717099354 -0.025706984918400694
52 0.8147785712549516 0.02720581720408086
53 0.7894664384977432 0.049511051094634884
54 0.8272569765223011 -0.02879330778660367
55 0.8013229996799609 -0.04836756544984475
56 0.776355921512631 0.005221023701744365
57 0.8144471222246471 0.03376196952569488
58 0.7891704609235113 -0.008666607030004988
59 0.826953330764563 -0.04684224173872122
60 0.8010458609058246 -0.004153942741635159
61 0.7760259669068481 0.03974681534757818
62 0.8141681342601017 -0.003371258141227883
63 0.7888444636193586 -0.04149863572707219
64 0.8266661751077985 -0.0022677652649952707
65 0.8007191864738944 0.03159314398844687
66 0.7757464720646875 0.009419346215813114
67 0.8138494332266883 -0.032553606640215026
68 0.7885568556985317 -0.01926442607473822
69 0.8263486577271748 0.026466289539741148
70 0.8004296776052781 0.0189316840510045
71 0.7754265242301193 -0.02366936614112763
72 0.8135479462497995 -0.0226505001403902
73 0.7882438013588491 0.011918084688405947
74 0.826048870366566 0.016358542075227876
75 0.8001218316493657 -0.007918319878560145
76 0.7751217487617327 -0.024012453530117408
77 0.8132458921922991 0.010300649030602172
78 0.7879344780367563 0.02104058712158522
79 0.823870142679871 -0.01651491144146311
80 0.8001249284190475 -0.010614713213270902
81 0.7751223421523912 0.016763921707512983
82 0.8070231564179655 -0.01793332888707575
83 0.7846945463424764 -0.002933761153708769
84 0.8155236004222769 -0.017444341424753537
85 0.7932253760361724 0.02291867911686169
86 0.7690793555275891 0.04940125859872921
87 0.7978877256239795 -0.05347171902127356
88 0.7761383379805271 -0.03458727884219915
89 0.8039200434355895 -0.04965654129462785
90 0.782554782965869 0.022803268679403046
91 0.758240601171082 0.059423090597632434
92 0.7832255553411688 -0.08983989064975154
93 0.7614681873957568 -0.08637530011730905
94 0.7867566006733298 -0.15234760986817208
95 0.7653609419484947 -0.0845226019539473
96 0.742482475800334 -0.025440192767471656
97 0.7684709197964978 -0.11674404027210325
98 0.7478302530116732 -0.1343026475666756
99 0.7261869230845709 -0.06525442615285622
0 0.7992580216422426 -2.5029238786818134e-14
1 0.774258768404197 0.13799106830411764
2 0.8134112643462694 0.16718395167741304
3 0.7883153326419606 0.05275652488586214
4 0.8257652341888215 -0.06784057799750666
5 0.8004435391287749 -0.011169451202549713
6 0.7753891592857619 0.0465754005433255
7 0.8135421867033249 -0.00659779195123712
8 0.7882169803403712 -0.04252957288376334
9 0.8260214781617249 -0.04228592717687077
10 0.80010502530568 0.009776253924691584
11 0.7751215342916531 0.042459930126977415
12 0.8132339919909843 -0.029072539856234616
13 0.7879126717062425 -0.06241808632943843
14 0.8257321389448393 -0.005978779956435702
15 0.7997858168136897 0.032575616805345715
16 0.7748340236571334 0.01618364100817484
17 0.8132507365882065 -0.03312585300590399
18 0.7879521351964377 -0.03374994312912011
19 0.8257459528260191 0.02943619968412337
20 0.7998215717513943 0.026960140316787215
21 0.7748271588938859 -0.01692688393208678
22 0.8132509374496987 -0.03063364187621973
23 0.7879543224235686 0.009952280342705289
24 0.8257472597237828 0.032278588826308026
25 0.7998325924562569 -0.0028361825906624448
26 0.774829642296868 -0.03267232908524105
27 0.8132685671074998 0.00440743188263059
28 0.787951257569076 0.03218366751322961
29 0.8257670806442733 0.0025093995965371207
30 0.7998255413723454 -0.02249089431065761
31 0.7748423445292411 -0.008267072049488594
32 0.8131536350024232 0.033226335670120205
33 0.7878709495889121 0.017755385784472878
34 0.8254122279593519 -0.0005450277064197469
35 0.7995249476677144 -0.022574328759703954
36 0.7745722637144914 -0.02021881072517442
37 0.8126398615179374 0.05561233531395612
38 0.7875226378807036 0.02002437497243168
39 0.8249243440960754 0.0213548968887252
40 0.7994769216210713 -0.018920209378900345
41 0.7746577463298938 -0.054967989206439534
42 0.8125986609321365 0.09460583087453955
43 0.7876149162290857 0.0871768897639984
44 0.8249800422720671 0.12408148500197261
45 0.7996848875412413 0.047740355199784715
46 0.7747858768876656 -0.017980655991472007
47 0.8149200251782768 0.05123412816381493
48 0.7896675372214761 0.09019339820481061
49 0.8274608643168869 0.048765021978169884
50 0.8015597086788248 -0.01817484957338765
51 0.7766520717099354 -0.025706984918400694
52 0.8147785712549516 0.02720581720408086
53 0.7894664384977432 0.049511051094634884
54 0.8272569765223011 -0.02879330778660367
55 0.8013229996799609 -0.04836756544984475
56 0.776355921512631 0.005221023701744365
57 0.8144471222246471 0.03376196952569488
58 0.7891704609235113 -0.008666607030004988
59 0.826953330764563 -0.04684224173872122
60 0.8010458609058246 -0.004153942741635159
61 0.7760259669068481 0.03974681534757818
62 0.8141681342601017 -0.003371258141227883
63 0.7888444636193586 -0.04149863572707219
64 0.8266661751077985 -0.0022677652649952707
65 0.8007191864738944 0.03159314398844687
66 0.7757464720646875 0.009419346215813114
67 0.8138494332266883 -0.032553606640215026
68 0.7885568556985317 -0.01926442607473822
69 0.8263486577271748 0.026466289539741148
70 0.8004296776052781 0.0189316840510045
71 0.7754265242301193 -0.02366936614112763
72 0.8135479462497995 -0.0226505001403902
73 0.7882438013588491 0.011918084688405947
74 0.826048870366566 0.016358542075227876
75 0.8001218316493657 -0.007918319878560145
76 0.7751217487617327 -0.024012453530117408
77 0.8132458921922991 0.010300649030602172
78 0.7879344780367563 0.02104058712158522
79 0.823870142679871 -0.01651491144146311
80 0.8001249284190475 -0.010614713213270902
81 0.7751223421523912 0.016763921707512983
82 0.8070231564179655 -0.01793332888707575
83 0.7846945463424764 -0.002933761153708769
84 0.8155236004222769 -0.017444341424753537
85 0.7932253760361724 0.02291867911686169
86 0.7690793555275891 0.04940125859872921
87 0.7978877256239795 -0.05347171902127356
88 0.7761383379805271 -0.03458727884219915
89 0.8039200434355895 -0.04965654129462785
90 0.782554782965869 0.022803268679403046
91 0.758240601171082 0.059423090597632434
92 0.7832255553411688 -0.08983989064975154
93 0.7614681873957568 -0.08637530011730905
94 0.7867566006733298 -0.15234760986817208
95 0.7653609419484947 -0.0845226019539473
96 0.742482475800334 -0.025440192767471656
97 0.7684709197964978 -0.11674404027210325
98 0.7478302530116732 -0.1343026475666756
99 0.7261869230845709 -0.06525442615285622
0 0.7992580216422426 -2.5029238786818134e-14
1 0.774258768404197 0.13799106830411764
2 0.8134112643462694 0.16718395167741304
3 0.7883153326419606 0.05275652488586214
4 0.8257652341888215 -0.06784057799750666
5 0.8004435391287749 -0.011169451202549713
6 0.7753891592857619 0.0465754005433255
7 0.8135421867033249 -0.00659779195123712
8 0.7882169803403712 -0.04252957288376334
9 0.8260214781617249 -0.04228592717687077
10 0.80010502530568 0.009776253924691584
11 0.7751215342916531 0.042459930126977415
12 0.8132339919909843 -0.029072539856234616
13 0.7879126717062425 -0.06241808632943843
14 0.8257321389448393 -0.005978779956435702
15 0.7997858168136897 0.032575616805345715
16 0.7748340236571334 0.01618364100817484
17 0.8132507365882065 -0.03312585300590399
18 0.7879521351964377 -0.03374994312912011
19 0.8257459528260191 0.02943619968412337
20 0.7998215717513943 0.026960140316787215
21 0.7748271588938859 -0.01692688393208678
22 0.8132509374496987 -0.03063364187621973
23 0.7879543224235686 0.009952280342705289
24 0.8257472597237828 0.032278588826308026
25 0.7998325924562569 -0.0028361825906624448
26 0.774829642296868 -0.03267232908524105
27 0.8132685671074998 0.00440743188263059
28 0.787951257569076 0.03218366751322961
29 0.8257670806442733 0.0025093995965371207
30 0.7998255413723454 -0.02249089431065761
31 0.7748423445292411 -0.008267072049488594
32 0.8131536350024232 0.033226335670120205
33 0.7878709495889121 0.017755385784472878
34 0.8254122279593519 -0.0005450277064197469
35 0.7995249476677144 -0.022574328759703954
36 0.7745722637144914 -0.02021881072517442
37 0.8126398615179374 0.05561233531395612
38 0.7875226378807036 0.02002437497243168
39 0.8249243440960754 0.0213548968887252
40 0.7994769216210713 -0.018920209378900345
41 0.7746577463298938 -0.054967989206439534
42 0.8125986609321365 0.09460583087453955
0 0.7992580216422426 -2.5029238786818134e-14
1 0.774258768404197 0.13799106830411764
2 0.8134112643462694 0.16718395167741304
3 0.7883153326419606 0.05275652488586214
4 0.8257652341888215 -0.06784057799750666
5 0.8004435391287749 -0.011169451202549713
6 0.7753891592857619 0.0465754005433255
7 0.8135421867033249 -0.00659779195123712
8 0.7882169803403712 -0.04252957288376334
9 0.8260214781617249 -0.04228592717687077
10 0.80010502530568 0.009776253924691584
11 0.7751215342916531 0.042459930126977415
12 0.8132339919909843 -0.029072539856234616
13 0.7879126717062425 -0.06241808632943843
14 0.8257321389448393 -0.005978779956435702
15 0.7997858168136897 0.032575616805345715
16 0.7748340236571334 0.01618364100817484
17 0.8132507365882065 -0.03312585300590399
18 0.7879521351964377 -0.03374994312912011
19 0.8257459528260191 0.02943619968412337
20 0.7998215717513943 0.026960140316787215
21 0.7748271588938859 -0.01692688393208678
22 0.8132509374496987 -0.03063364187621973
23 0.7879543224235686 0.009952280342705289
24 0.8257472597237828 0.032278588826308026
0 0.7992580216422426 -2.5029238786818134e-14
1 0.774258768404197 0.13799106830411764
2 0.8134112643462694 0.16718395167741304
3 0.7883153326419606 0.05275652488586214
4 0.8257652341888215 -0.06784057799750666
5 0.8004435391287749 -0.011169451202549713
6 0.7753891592857619 0.0465754005433255
7 0.8135421867033249 -0.00659779195123712
8 0.7882169803403712 -0.04252957288376334
9 0.8260214781617249 -0.04228592717687077
10 0.80010502530568 0.009776253924691584
11 0.7751215342916531 0.042459930126977415
12 0.8132339919909843 -0.029072539856234616
13 0.7879126717062425 -0.06241808632943843
14 0.8257321389448393 -0.005978779956435702
15 0.7997858168136897 0.032575616805345715
16 0.7748340236571334 0.01618364100817484
17 0.8132507365882065 -0.03312585300590399
18 0.7879521351964377 -0.03374994312912011
19 0.8257459528260191 0.02943619968412337
20 0.7998215717513943 0.026960140316787215
21 0.7748271588938859 -0.01692688393208678
22 0.8132509374496987 -0.03063364187621973
23 0.7879543224235686 0.009952280342705289
24 0.8257472597237828 0.032278588826308026
25 0.7998325924562569 -0.0028361825906624448
26 0.774829642296868 -0.03267232908524105
27 0.8132685671074998 0.00440743188263059
28 0.787951257569076 0.03218366751322961
29 0.8257670806442733 0.0025093995965371207
0 0.7992580216422426 -2.5029238786818134e-14
1 0.774258768404197 0.13799106830411764
2 0.8134112643462694 0.16718395167741304
3 0.7883153326419606 0.05275652488586214
4 0.8257652341888215 -0.06784057799750666
5 0.8004435391287749 -0.011169451202549713
6 0.7753891592857619 0.0465754005433255
7 0.8135421867033249 -0.00659779195123712
8 0.7882169803403712 -0.04252957288376334
9 0.8260214781617249 -0.04228592717687077
10 0.80010502530568 0.009776253924691584
11 0.7751215342916531 0.042459930126977415
12 0.8132339919909843 -0.029072539856234616
13 0.7879126717062425 -0.06241808632943843
14 0.8257321389448393 -0.005978779956435702
15 0.7997858168136897 0.032575616805345715
16 0.7748340236571334 0.01618364100817484
17 0.8132507365882065 -0.03312585300590399
18 0.7879521351964377 -0.03374994312912011
19 0.8257459528260191 0.02943619968412337
20 0.7998215717513943 0.026960140316787215
21 0.7748271588938859 -0.01692688393208678
22 0.8132509374496987 -0.03063364187621973
23 0.7879543224235686 0.009952280342705289
24 0.8257472597237828 0.032278588826308026
25 0.7998325924562569 -0.0028361825906624448
26 0.774829642296868 -0.03267232908524105
27 0.8132685671074998 0.00440743188263059
28 0.787951257569076 0.03218366751322961
29 0.8257670806442733 0.0025093995965371207
30 0.7998255413723454 -0.02249089431065761
31 0.7748423445292411 -0.008267072049488594
32 0.8131536350024232 0.033226335670120205
33 0.7878709495889121 0.017755385784472878
34 0.8254122279593519 -0.0005450277064197469
35 0.7995249476677144 -0.022574328759703954
36 0.7745722637144914 -0.02021881072517442
37 0.8126398615179374 0.05561233531395612
38 0.7875226378807036 0.02002437497243168
39 0.8249243440960754 0.0213548968887252
40 0.7994769216210713 -0.018920209378900345
41 0.7746577463298938 -0.054967989206439534
42 0.8125986609321365 0.09460583087453955
43 0.7876149162290857 0.0871768897639984
44 0.8249800422720671 0.12408148500197261
45 0.7996848875412413 0.047740355199784715
46 0.7747858768876656 -0.017980655991472007
47 0.8149200251782768 0.05123412816381493
48 0.7896675372214761 0.09019339820481061
49 0.8274608643168869 0.048765021978169884
50 0.8015597086788248 -0.01817484957338765
51 0.7766520717099354 -0.025706984918400694
52 0.8147785712549516 0.02720581720408086
53 0.7894664384977432 0.049511051094634884
54 0.8272569765223011 -0.02879330778660367
55 0.8013229996799609 -0.04836756544984475
56 0.776355921512631 0.005221023701744365
57 0.8144471222246471 0.03376196952569488
58 0.7891704609235113 -0.008666607030004988
59 0.826953330764563 -0.04684224173872122
60 0.8010458609058246 -0.004153942741635159
61 0.7760259669068481 0.03974681534757818
62 0.8141681342601017 -0.003371258141227883
63 0.7888444636193586 -0.04149863572707219
64 0.8266661751077985 -0.0022677652649952707
65 0.8007191864738944 0.03159314398844687
66 0.7757464720646875 0.009419346215813114
67 0.8138494332266883 -0.032553606640215026
68 0.7885568556985317 -0.01926442607473822
69 0.8263486577271748 0.026466289539741148
70 0.8004296776052781 0.0189316840510045
71 0.7754265242301193 -0.02366936614112763
72 0.8135479462497995 -0.0226505001403902
73 0.7882438013588491 0.011918084688405947
74 0.826048870366566 0.016358542075227876
75 0.8001218316493657 -0.007918319878560145
76 0.7751217487617327 -0.024012453530117408
77 0.8132458921922991 0.010300649030602172
78 0.7879344780367563 0.02104058712158522
79 0.823870142679871 -0.01651491144146311
80 0.8001249284190475 -0.010614713213270902
81 0.7751223421523912 0.016763921707512983
82 0.8070231564179655 -0.01793332888707575
83 0.7846945463424764 -0.002933761153708769
84 0.8155236004222769 -0.017444341424753537
85 0.7932253760361724 0.02291867911686169
86 0.7690793555275891 0.04940125859872921
87 0.7978877256239795 -0.05347171902127356
88 0.7761383379805271 -0.03458727884219915
89 0.8039200434355895 -0.04965654129462785
90 0.782554782965869 0.022803268679403046
91 0.758240601171082 0.059423090597632434
92 0.7832255553411688 -0.08983989064975154
93 0.7614681873957568 -0.08637530011730905
94 0.7867566006733298 -0.15234760986817208
95 0.7653609419484947 -0.0845226019539473
96 0.742482475800334 -0.025440192767471656
97 0.7684709197964978 -0.11674404027210325
98 0.7478302530116732 -0.1343026475666756
99 0.7261869230845709 -0.06525442615285622
0 0.7992580216422426 -2.5029238786818134e-14
1 0.774258768404197 0.13799106830411764
2 0.8134112643462694 0.16718395167741304
3 0.7883153326419606 0.05275652488586214
4 0.8257652341888215 -0.06784057799750666
5 0.8004435391287749 -0.011169451202549713
6 0.7753891592857619 0.0465754005433255
7 0.8135421867033249 -0.00659779195123712
8 0.7882169803403712 -0.04252957288376334
9 0.8260214781617249 -0.04228592717687077
10 0.80010502530568 0.009776253924691584
11 0.7751215342916531 0.042459930126977415
12 0.8132339919909843 -0.029072539856234616
13 0.7879126717062425 -0.06241808632943843
14 0.8257321389448393 -0.005978779956435702
15 0.7997858168136897 0.032575616805345715
16 0.7748340236571334 0.01618364100817484
17 0.8132507365882065 -0.03312585300590399
18 0.7879521351964377 -0.03374994312912011
0 0.7992580216422426 -2.5029238786818134e-14
1 0.7742588595630515 0.13968487735764837
2 0.8134287288286635 0.16730525563443233
3 0.7883082494954456 0.051603641253006156
4 0.8257667980635083 -0.0697686655839993
5 0.8004435339107169 -0.012195707417744724
6 0.7753883775995234 0.04612301006253467
7 0.8135424196754388 -0.006101226503452
8 0.7882170540226814 -0.042388756986403
9 0.8260215080064741 -0.04203912137918001
10 0.8001031873171811 0.009954774131667617
11 0.775119899629434 0.04260471299956776
12 0.8132344029233483 -0.029280666545035375
13 0.7879127255424994 -0.06251344719874904
14 0.8257322755248909 -0.006165919630286484
15 0.7997837966929201 0.03237603422122581
16 0.7748322545599071 0.01649481555876444
17 0.8132476722996345 -0.03337290090907908
18 0.787950441060103 -0.03426507359397596
19 0.8257429819340685 0.029567810299247793
20 0.7998196162258672 0.026792834963657475
21 0.774825641843971 -0.01665062101967148
22 0.8132477450420886 -0.0306324798925457
23 0.7879542767718916 0.00969539551390835
24 0.8257440539116488 0.03206180132959116
25 0.7998325201209532 -0.002713459269990607
26 0.7748299139037212 -0.03351766199580326
27 0.8132651875073675 0.005250694708015633
28 0.7879512810704536 0.03281632048422197
29 0.825763472954963 -0.01216475585819965
30 0.7998247840147014 -0.02703117476317558
31 0.7748413101517373 -0.0020548571967070398
32 0.8131356181861801 0.04067582979476801
33 0.7878737388613477 0.008549088581314429
34 0.8254161704199293 -0.014152136403455265
35 0.7995366771045613 -0.01825022885634979
36 0.7745903609414372 -0.01013803503246687
37 0.8126535158614895 0.059838255638012865
38 0.7875654288931726 0.00883665288590784
39 0.8249543848484472 0.02298643858056099
40 0.799518000351591 -0.015269421255599857
41 0.7747330728133376 -0.056325768268167986
42 0.8126269431907064 0.10223842881879142
43 0.7876773504149994 0.09756630105682321
44 0.8250304340225981 0.14031494619349694
45 0.7994554095066344 0.0547890427560012
46 0.7745128888031537 -0.018963957610412335
47 0.8146941558178691 0.050376680555862946
48 0.7894501252540044 0.08746368172135086
49 0.8272405668244827 0.0403868624019293
50 0.8013169626191438 -0.026117257554994985
51 0.7764113216382584 -0.02603753943576722
52 0.8145262204592543 0.028205794278170188
53 0.7892222290963374 0.04567962794373807
54 0.827006351239518 -0.03641838255635943
55 0.8010716121872942 -0.05494610953943878
56 0.7761028836726871 0.0024689129190327147
57 0.8141963896711644 0.03179699251197839
58 0.788929008897188 0.0013824143569754709
59 0.8267111910216264 -0.037550551595439366
60 0.8008018390236354 -0.009166916165499778
61 0.7757898991294266 0.031796080693038194
62 0.813917062403142 0.010350657298905042
63 0.7886077541556733 -0.026503996934339694
64 0.8264169058911053 -0.0025019083291947077
65 0.800477506752021 0.027599901293158764
66 0.7754977101727956 0.013847556322815823
67 0.8135996265918373 -0.03234356547121445
68 0.7883085182297976 -0.01951401395231022
69 0.8260989087967718 0.025469332688629873
70 0.8001798104467549 0.019719755170142277
71 0.7751782486429531 -0.02154370908874153
72 0.8132944245772215 -0.0233538234043345
73 0.7879948971257988 0.011289156941788952
74 0.8257951310552616 0.012839769126667008
75 0.7998716080356151 -0.008159893312710527
76 0.7748768964690278 -0.016250212198264807
77 0.8133046267079522 0.01588922593782575
78 0.7879965542741959 0.027362212032313035
79 0.8258011170881393 -0.014697782364256732
80 0.7998664566433452 -0.02631318258118337
81 0.7748807525148345 -0.0006422262475791022
82 0.8132967074159988 0.027242933858187733
83 0.7880057047317863 0.007261718310626564
84 0.8257943553728117 -0.02902492439300573
85 0.7998792652892731 -0.01503096624465018
86 0.7748748828427212 0.023486713989041397
87 0.8133033015538655 0.019000993843954858
88 0.7880030422768052 -0.01461434911618971
89 0.8258030344186142 -0.014043247169733455
90 0.7998798956963549 0.005858793705227172
91 0.7748850804639174 0.013351145697463972
92 0.8102907205729625 -0.018515013392642214
93 0.787328670964412 -0.016531131033622824
94 0.8126722085090367 0.004063659167223755
95 0.7902570579649122 0.026224200969575312
96 0.7650599508427117 0.018472461332243797
97 0.7857138690683491 -0.045772539018910575
98 0.7683871621706237 -0.018182345533086366
99 0.7575942036402101 0.0479126001429509
0 0.7992580216422426 -2.5029238786818134e-14
1 0.7742587574905611 0.13967761790930425
2 0.8134283372752396 0.16726218334227452
3 0.7883085735596758 0.05166541640785406
4 0.8257665509125575 -0.06955093214105468
5 0.8004436001621471 -0.012096636444419995
6 0.7753884599691238 0.04619827486195923
7 0.8135424399102211 -0.006141188828426722
8 0.788217102025963 -0.04237663664068837
9 0.8260215075027987 -0.04207830250103307
10 0.8001031900497664 0.00994859515302053
11 0.775119924016814 0.042600826994912425
12 0.8132343798213406 -0.029313018969325425
13 0.7879127453956366 -0.06251842848932139
14 0.8257322744841534 -0.006195412655429278
15 0.7997837932045817 0.032442776270574125
16 0.7748322511718426 0.016512767977357807
17 0.8132476687427594 -0.033377043952290956
18 0.7879504331644923 -0.034225127890600025
19 0.8257429965904881 0.029556401504143615
20 0.7998196222464181 0.026806165095603615
21 0.7748256304349896 -0.016667864397120508
22 0.8132477571831004 -0.030626937773454706
23 0.7879542706447907 0.009713217650979279
24 0.8257440626138484 0.03204970418592213
25 0.7998325215240388 -0.002718958184551611
26 0.7748299083490718 -0.03349316855997078
27 0.8132651849668027 0.005266927146612805
28 0.7879512880546904 0.03283258070961085
29 0.8257634641992765 -0.012168787041846662
0 0.7992580216422426 -2.5029238786818134e-14
1 0.7742587574905611 0.13967761790930425
2 0.8134283372752396 0.16726218334227452
3 0.7883085735596758 0.05166541640785406
4 0.8257665509125575 -0.06955093214105468
5 0.8004436001621471 -0.012096636444419995
6 0.7753884599691238 0.04619827486195923
7 0.8135424399102211 -0.006141188828426722
8 0.788217102025963 -0.04237663664068837
9 0.8260215075027987 -0.04207830250103307
10 0.8001031900497664 0.00994859515302053
11 0.775119924016814 0.042600826994912425
12 0.8132343798213406 -0.029313018969325425
13 0.7879127453956366 -0.06251842848932139
14 0.8257322744841534 -0.006195412655429278
15 0.7997837932045817 0.032442776270574125
16 0.7748322511718426 0.016512767977357807
17 0.8132476687427594 -0.033377043952290956
18 0.7879504331644923 -0.034225127890600025
19 0.8257429965904881 0.029556401504143615
20 0.7998196222464181 0.026806165095603615
21 0.7748256304349896 -0.016667864397120508
22 0.8132477571831004 -0.030626937773454706
23 0.7879542706447907 0.009713217650979279
24 0.8257440626138484 0.03204970418592213
25 0.7998325215240388 -0.002718958184551611
26 0.7748299083490718 -0.03349316855997078
27 0.8132651849668027 0.005266927146612805
28 0.7879512880546904 0.03283258070961085
29 0.8257634641992765 -0.012168787041846662
30 0.7998247832642416 -0.027023100352343298
31 0.7748413311486534 -0.002095515974609229
32 0.8131355939824191 0.040681121771172675
33 0.7878737982854169 0.008569826633787745
34 0.8254163514311591 -0.014194237308705705
35 0.7995371076039458 -0.01836043806125248
36 0.7745912596615495 -0.010312365569967142
37 0.8126545254760257 0.05978087759332454
38 0.7875672586487494 0.008672014417957431
39 0.8249558389129843 0.02309482240254105
40 0.7995198023794987 -0.015751595844904074
41 0.7747363120007282 -0.05674624579999797
42 0.8126272767539066 0.10244045883709336
43 0.7876793388087805 0.09731561901056926
44 0.825031338155528 0.14083470599047304
45 0.7994557724880796 0.05514403714915283
46 0.7745128845282354 -0.018742974200556962
47 0.8146849261155833 0.04252310759520494
48 0.7894482743846756 0.08159370816327764
49 0.8272454470146133 0.04492304490892617
50 0.8013247279890605 -0.019285902862078062
51 0.7764005597768803 -0.023601584888617674
52 0.8145192622711237 0.024045534977743414
53 0.7892170051978031 0.03574088369476246
54 0.8270063095257827 -0.03265373309250989
55 0.8010708380596598 -0.044453243926825016
56 0.7760962665377152 0.004097091227259549
57 0.8141957829592316 0.01931659133723868
58 0.7889138594017049 -0.0028099331791428535
59 0.8267063302081661 -0.03110572320359235
60 0.8007875591906906 -0.011323456361569242
61 0.7757840808827327 0.022887874374044645
62 0.8139048272445403 0.003816401152115877
63 0.7885982793196081 -0.02197216485849169
64 0.8264063425333865 0.005653554880237837
65 0.8004714011234513 0.01797728174716026
66 0.7754801078368159 -0.002566046577911864
67 0.813591237763017 -0.02279568193048665
68 0.7882929187191581 -0.008656439753475223
69 0.8260913391627154 0.013582299395977103
70 0.8001668082124364 0.00828600064985739
71 0.7751693308010531 -0.009008890425353454
72 0.8132860357098688 -0.00606933289344845
73 0.787980347517602 0.00949059599180062
74 0.8257849203992039 0.01460300524113023
75 0.7998552937820824 -0.003659882951064938
76 0.7748579733689004 -0.011121030388446626
77 0.8132893100945379 0.0036264193135845993
78 0.7879819739725594 0.012952145873142166
79 0.8257890132140672 0.0012119754892851858
80 0.7998568457646056 -0.0059382733847236245
81 0.774859453213955 -0.0011653030877963903
82 0.8132890555735333 0.013072693361957785
83 0.7879839633796736 0.005774980822221378
84 0.8257886403254288 -0.007404891207706579
85 0.7998577660634619 -0.009592709050772804
86 0.774859050350015 0.0070366332295856305
87 0.8132895592190922 0.007806357252406386
88 0.7879828997299931 -0.008546279445958706
89 0.8257883227049176 -0.013181252240095188
90 0.7998576625131679 0.004924976082858827
91 0.7748595769157206 0.011932677519856888
92 0.8132914376884955 -0.0015853041516917642
93 0.787983858834146 -0.011056085795181147
94 0.8257910238653705 0.0009548121439402227
95 0.7998583048033177 0.008192358915922456
96 0.7748608866105449 0.003221243400946305
97 0.8132906960583639 -0.010399879520760345
98 0.7879854204664135 -0.002968461001537318
99 0.776621373397139 0.008879666927881962
100 0.8147423267665473 0.0009204952514782752
101 0.78943444135723 -0.009259953219444662
102 0.8272420859057482 0.001463732743594829
103 0.8013088866185752 0.009111649488300119
104 0.7763113729964318 0.004001214317642954
105 0.8144289704619471 -0.009450017603817435
106 0.7891235387777265 -0.0017211328920839187
107 0.8269283593564306 0.011367844540353141
108 0.8009981813466879 0.002142853464427479
109 0.7759980853730369 -0.008903944953310977
110 0.8141179789814311 0.0012749141168910516
111 0.7888098835030369 0.010988079977853634
112 0.8266175523685925 0.0010027730639622662
113 0.8006846784679343 -0.006930839298431115
114 0.7756870325896985 -0.0020844192666789434
115 0.813804457860429 0.0123695768390932
116 0.7884991471083226 0.004668504177929894
117 0.8263040434755659 -0.008003997459531061
118 0.8003738213961444 0.0013547380877007719
119 0.7753732996065886 0.012333704556707945
120 0.8134934837395523 0.002632489942639272
121 0.7881858981665802 -0.006865415895348452
122 0.8259933552101563 0.0033313442177518807
123 0.8000599223890805 0.011885804626279804
124 0.7750625850395055 0.007059644050480093
125 0.8131801423210073 -0.007698152149417653
126 0.7878739772066239 -0.010281062404404276
127 0.8256801297674766 0.008403826089817717
128 0.7997486138903829 0.00966127360776369
129 0.7747496341039106 -0.005574504353120335
130 0.81317981068351 -0.013206675162556062
131 0.7878740162635134 0.0053362386052075664
132 0.8256798000186828 0.006544835792480232
133 0.7997478860473087 -0.010042853303138845
134 0.7747494932193536 -0.015825270605623727
135 0.8131812309282054 0.006207073982506884
136 0.7878714374436377 0.019601933392855007
137 0.8256808089759422 -0.010619295193305614
138 0.7997455707104907 -0.019300150846246013
139 0.7747516525433622 0.0011542851988897065
140 0.8131765424256373 0.02137290300341646
141 0.787877282215232 0.006502308038976091
142 0.8256766949713299 -0.014593599821688454
143 0.7997511176787764 -0.010179020465486506
144 0.7747531965488592 0.0067085418760196225
145 0.8131825049064484 0.005824620783639714
146 0.7878764700057376 -0.010618669421840938
147 0.8256812493001155 -0.014942361819767649
148 0.7997513983407281 0.0027614477250594047
149 0.7747539255064467 0.00956465861684725
150 0.8131853238122018 -0.003315475706484103
151 0.7878777305632914 -0.013261329775443411
152 0.776516483990489 -0.008277119616615774
153 0.8146346343759718 0.008310341758647527
154 0.789328860169954 0.010146142455086188
155 0.8271348295800383 -0.007806161901416386
156 0.8012034800385305 -0.00912202227321134
157 0.7762045539459452 0.006033366955128184
158 0.8143221283452878 0.013953913419145567
159 0.7890165659451261 -0.004875127351768854
160 0.8268223608307745 -0.005111385716955343
161 0.800892506566372 -0.0008648533530143297
162 0.7758925158558192 0.010180050621778396
163 0.8140122750298523 -0.0002956034255049229
164 0.7887045005563569 -0.009849541441246895
165 0.8265119457309302 0.00026951765070744104
166 0.800579029528443 0.008374043721150578
167 0.775581499457437 0.0035396097081457504
168 0.8136989165088974 -0.011148824281137655
169 0.7883936313818455 -0.003192528303174326
170 0.8261984979853383 0.009432416043769635
171 0.8002682777790275 0.00035191193153981534
172 0.7752679580079741 -0.010635550471942428
173 0.813388007248594 -0.001187055352876433
174 0.788080199065689 0.008663375405797577
175 0.8258877539863598 -0.0017231740837692349
176 0.7999545179492761 -0.009914154112731345
177 0.77495702426005 -0.005041308644516656
178 0.8133870735759041 0.009203907947299554
179 0.7880806697374783 0.012242193444772426
180 0.8258869606270203 -0.006680769655825008
181 0.799955737382785 -0.007438539054656794
182 0.7749564124139537 0.00789576284529954
183 0.8133867704995862 0.014862966187534788
184 0.7880812261384231 -0.003196224989920808
185 0.825886927624554 -0.004631239838999823
186 0.7999571461407854 0.0005799971332810856
187 0.774958405312252 0.0019292265848873953
188 0.8133894675759142 -0.005411116828700663
189 0.7880829286119153 -0.0035437206198866674
190 0.825799844096091 0.014108284855376182
191 0.7998778822223428 -0.0013002705947433805
192 0.7748805445512775 -0.014298783653897916
193 0.8130933527113795 0.021659986961169324
194 0.7878405302357613 0.006239437982778419
195 0.8252996373058676 0.019923394018822375
196 0.7994834752256614 -0.01859380913564356
197 0.7745939942081254 -0.05405457172330512
198 0.8126035589867139 0.060165646832933045
199 0.7875539188286514 0.048249879168830216
200 0.8248897404090728 0.09065556230532686
201 0.7995413309284997 0.014623627205854662
202 0.7746572398372471 -0.03831073565113136
203 0.8128594682830931 0.09076630623750609
204 0.7877251044336044 0.10704709458058452
205 0.7763522004605888 0.03270164185740867
206 0.8142987602930322 0.05307679507995907
207 0.7891943771410964 0.0612811970852644
208 0.826977754476698 0.05978326731572631
209 0.8011063862404565 0.009652121190767088
210 0.7761341774496532 -0.024441199341600973
211 0.8142728539081832 -0.008042360276278781
212 0.7889749410159452 0.02628307362566259
213 0.8267739369729373 -0.01679383046361142
214 0.8008314057049603 -0.03634117645409262
215 0.7758542523673088 0.005222632847750538
216 0.813951409798242 0.022905049441982885
217 0.7886628400454505 -0.011036772282207796
218 0.8264582840225467 -0.03448762312765018
219 0.8005389317533929 -0.0038627219526415355
220 0.7755373297187446 0.025872215253120154
221 0.8136609638917732 -0.009491272175454585
222 0.7883435188291019 -0.03786310025112347
223 0.8261583678702092 0.005579522074662581
224 0.8002112780323017 0.0318803461112659
225 0.7752366099738939 0.0007857334069252956
226 0.8133396454140481 -0.03026011265848093
227 0.7880484743783215 -0.009573000973655614
228 0.825837115917435 0.02966600493357463
229 0.7999225078196015 0.013182701831529867
230 0.7749177421961165 -0.025260739942669072
231 0.8133525308429888 -0.005948618205442884
232 0.7880379684246256 0.029878390861387587
233 0.8258498531824572 0.015743649842781905
234 0.7999130922040236 -0.019378669930757302
235 0.774926047783732 -0.02653997186358944
236 0.8132559209941953 0.011407539118264599
237 0.7879499840935851 0.0375967303009224
238 0.8242633429304425 -0.01767046490894317
239 0.7994023913225555 -0.039442965716908175
240 0.7744882175615543 0.010908316774335382
241 0.808870663533067 0.040225404650438924
242 0.7844080737176886 -0.00345686883182245
243 0.8167704713416444 -0.06294047226139085
244 0.7920256432114982 -0.03184313768713291
245 0.7669189520539987 0.028478095108786076
246 0.7974075717603656 0.030933408907995483
247 0.773159148530421 -0.044124481682485055
248 0.8019047590492726 -0.09082423452906602
249 0.7768254758032799 -0.1001183622579597
250 0.7500656091063863 -0.07605488808709421
251 0.7781960024072488 0.10659543820786627
252 0.7537869963631211 0.1388620380288018
253 0.7304796096940906 0.07383485158353845
254 0.7562580378155859 0.06910273744059428
255 0.7327681131110078 0.060608612141094656
256 0.7572278584665099 0.1592036299670727
257 0.7342034296550511 0.1485050360960695
258 0.7129797782280082 0.09340294086929167
259 0.7394516554806719 0.07230096918644871
260 0.7168178629355929 0.09023246600335062
261 0.6932400780885376 0.06628708439182375
262 0.7188308090982846 -0.03653327206309276
263 0.702861307333431 -0.05883371279971494
264 0.6791935490899932 -0.011091275192072737
265 0.7013101528839697 0.06257940794026202
266 0.6825619315975331 0.13249052250452711
267 0.6635319205564231 0.23249915364739915
268 0.6457760524051386 0.32716303120088563
269 0.6748710635785204 0.2880096611358368
270 0.652786706362021 0.2361026136508326
271 0.6308648948264964 0.1780697374153729
272 0.6517384600680427 0.09526090854590677
273 0.6309706482767324 0.030063951649864137
274 0.610522189482921 -0.03188673074396944
275 0.5908539984093907 -0.09022485244851562
276 0.5722555705015836 -0.1637950408651606
277 0.5549816394088971 -0.2724567583362258
278 0.5845262141200178 -0.24136585481976713
279 0.5682927747476023 -0.19336318028443517
280 0.5523271651768225 -0.13374585939994008
281 0.5366767497359581 -0.07132051873827362
282 0.5207142981318491 -0.009587477312730465
283 0.539802912625253 0.03376087078950836
284 0.5224703831603652 0.07187604694333327
285 0.5046066011625774 0.1292838367846668
286 0.48753274906982186 0.23355263619309802
287 0.4746519032093938 0.28152312912367455
288 0.4852555684705991 0.24125840878691582
289 0.46696109954257115 0.18982101537675133
290 0.4505904819523311 0.13232728004214084
291 0.43540484910080235 0.07590685470900989
292 0.4207934654145083 0.023046102627915243
293 0.40706792338740794 -0.028596356995627525
294 0.41073755778780646 -0.09362471813835642
295 0.39835650468781714 -0.17002911102393922
296 0.38696597581758163 -0.3214010680107222
297 0.3818158755069986 -0.30241383263272187
298 0.36929192211765727 -0.25923689740057526
299 0.3581071669508121 -0.20345998160962772
0 0.7992580216422426 -2.5029238786818134e-14
1 0.7742587610247843 0.141604532694153
2 0.8134870239402159 0.17012602173543742
3 0.7883808456907443 0.07316923864453204
4 0.8256627358331777 -0.016147728009845277
5 0.8004497991371571 0.00225302382138613
6 0.775537687744474 0.03078588260391276
7 0.8135361776603192 -0.07695412870803092
8 0.788304596930631 -0.08260831963153635
9 0.8260218813518728 -0.05942345353367915
10 0.8001559697003666 0.010643976758582552
11 0.7751892670573545 0.049924793539480976
12 0.8133411236094421 -0.003250018880687748
13 0.7880137064999796 -0.04436938653218106
14 0.8258341915403993 0.010694103673600795
15 0.7998925621088308 0.03338837767849076
16 0.7749262775428042 0.014108262909618164
17 0.8133324935261915 -0.03153888009818637
18 0.7880481900960674 -0.024344564735163644
19 0.8258295434653983 0.032070545398613336
20 0.7999158871812974 0.020881436024476275
21 0.774918967307856 -0.014559773902087304
22 0.8133398633066746 -0.020428129615891088
23 0.7880502451407682 0.002120103600764061
24 0.8258384933620562 0.005704535593362063
25 0.7999208527420519 9.724952010404859e-05
26 0.7749282345174481 -0.015627016919290505
27 0.813350886406295 0.010222392704000202
28 0.7880455759814444 0.028589635720534405
29 0.8258488879514397 -0.010211893149441499
30 0.7999115024013076 -0.02476620684219735
31 0.7749305264175294 -0.00457039400107903
32 0.8132344052073777 0.025281056309672586
33 0.7879670746569889 0.004309630717493632
34 0.8255232491148281 -0.017276090313751834
35 0.7996657847378067 -0.014889611369511422
36 0.7747483061843122 -0.0009315455550624932
37 0.8128211169568477 0.054833662004224765
38 0.7877647927291469 -0.002537577815864094
39 0.8251068456373015 0.04392463673785816
40 0.7994055796362847 -0.011178180407363856
41 0.7746856180328734 -0.06280718257817479
42 0.8124677017816576 0.11205394086761876
43 0.787570296008879 0.08390464485462583
44 0.824904132624045 0.1513949093336619
45 0.7996702815418896 0.0751560530764833
46 0.7746286117404736 -0.005428567105781757
47 0.8147534682459058 0.03896917797756022
48 0.789590137427787 0.07146704147587722
49 0.8273757568122484 0.015894972131491773
50 0.8014379867447582 -0.029964573625777268
51 0.7765047167584196 -0.021369430514696145
52 0.8146100814724034 0.010187610185034434
53 0.7893145087486745 0.021837933345494262
54 0.8271111953149037 -0.03452937885887129
55 0.8011810907679208 -0.02673092765117427
56 0.7761864852106504 0.012333005399657834
57 0.8142931630390654 0.025229799400870962
58 0.7890042121721675 -0.003288608153503291
59 0.8267915922338015 -0.024822746260021726
60 0.8008785334519384 -0.006610439032429966
61 0.7758817173966369 0.01906951911194414
62 0.8139969603849627 -0.0005957244898380892
63 0.7886890100340554 -0.025071820686710496
64 0.8264975993698083 0.003565833933413611
65 0.8005542704787361 0.02583109813615448
66 0.7755739253147128 0.013404892022620631
67 0.8136778734021459 -0.02750826931335777
68 0.7883842523246061 -0.01810298171155079
69 0.8261749164034394 0.030624174014735682
70 0.8002539610428537 0.024067588463998563
71 0.775255872114089 -0.01605283292141407
72 0.8133713713912487 -0.016344520197111936
73 0.7880690410055341 0.017585367601261902
74 0.8258697976903584 0.019296407510876034
75 0.7999409758885109 -0.011656491592102084
76 0.7749491596606782 -0.027178877767573825
77 0.8133814744143705 0.010824561277106697
78 0.7880660591334896 0.03470917825322774
79 0.8258772217207933 -0.011710513682298914
80 0.7999393501933296 -0.024335785907125682
81 0.774955816986423 -0.00044056906623617895
82 0.8133793990097148 0.02036172429583665
83 0.7880796876027422 0.0072188581251629354
84 0.8258758243637632 -0.01822708553117659
85 0.7999526284594203 -0.012275063208906459
86 0.7749535423627879 0.015768052007008156
87 0.8133833782983187 0.005614748431708431
88 0.788075147001622 -0.020391466957732085
89 0.8258819134837077 -0.013700150795176428
90 0.7999497531253676 0.011210194113951735
91 0.774958276824911 0.014545518722604553
92 0.8133869439096136 -0.014518180259464431
93 0.7880819490279449 -0.016623086748119277
94 0.8258863314526553 0.009619447779570361
95 0.7999525701283242 0.01870942227808
96 0.7749596602121099 -0.0025390357943859527
97 0.8133844445104877 -0.017191109781447726
98 0.7880848480896505 -0.0044542730250968264
99 0.7767177740213553 0.019199949085784224
100 0.814840433728208 0.0008362509589880517
101 0.7895301494365792 -0.018971203805113274
102 0.8273400721766304 0.0028059215596634014
103 0.8014035840671953 0.017673182494068095
104 0.7764119937552941 0.007944576209969993
105 0.8145240955167083 -0.019739740112227986
106 0.7892231765051104 -0.015238066323825968
107 0.8270236457658035 0.016711484994019202
108 0.8010945067156302 0.019862105873685462
109 0.7760975369486307 -0.012021007180534829
110 0.8142114331802974 -0.01953730367056676
111 0.788912074797562 0.004321086661913922
112 0.8267112149109561 0.01569032784992731
113 0.800787861722564 0.002985227995570909
114 0.7757859939482047 -0.0193310048539168
115 0.8139071955707975 0.0019315615471039564
116 0.7885967948500847 0.021078931247853237
117 0.8264064728388096 0.001190810395549835
118 0.800471230798876 -0.0149993529566966
119 0.7754790819783995 -0.005432718756268541
120 0.8135953305393303 0.010778699162095264
121 0.7882896260936795 0.013869443369184952
122 0.8260951654251415 -0.007317079580303474
123 0.8001647376112417 -0.0067592036954248706
124 0.7751658155582325 0.009104694504279056
125 0.813283503420357 0.014247935286928514
126 0.7879781200096629 -0.0032776672146172412
127 0.825783616731797 -0.005799194250473215
128 0.7998541716775082 0.0002483872770264919
129 0.7748541132277286 0.01176030497224332
130 0.8132863255334868 -0.0008692428588596892
131 0.7879786602239307 -0.00964181195141323
132 0.8257860055225605 -0.0011629484961453512
133 0.7998532865669142 0.008089309098560156
134 0.7748556710650527 0.003471329319130999
135 0.8132854289336467 -0.012705447500126702
136 0.7879802990486393 -0.0042301889527615495
137 0.8257853028059328 0.0074242734238975285
138 0.7998549998673528 -0.0013338803800984449
139 0.7748544593899442 -0.011922684789630683
140 0.8132871170691203 -0.0038513388645707008
141 0.7879797144065773 0.006186008751319871
142 0.8257871703807299 -0.004511965059451885
143 0.7998536227008273 -0.012979871828226703
144 0.7748563695132898 -0.007628113171711384
145 0.8132866053919808 0.005759870228400032
146 0.7879805114995434 0.008470664322494567
147 0.8257865110663436 -0.010901403804528259
148 0.799854759062176 -0.01191568945875084
149 0.774856141917406 0.0038307216740917005
150 0.8132864205611441 0.010305562945800104
151 0.7879818809167443 0.0024509491439293246
152 0.7766180376628707 -0.009234177933830898
153 0.8147386881034037 0.003789399848852077
154 0.7894305286113984 0.012278727354866487
155 0.8272380603097635 0.004833751911230507
156 0.8013058565623173 -0.004445021216528475
157 0.77630813356877 0.0005168709929128176
158 0.8144269993465827 0.003472599871044014
159 0.7891202444889486 0.003276720116237034
160 0.8269267971645262 0.002351624219300033
161 0.8009949978333882 0.003091384487993175
162 0.7759957514248843 0.0031469996964786327
163 0.8141149011112148 0.0026524551465864415
164 0.7888079946582047 0.0031483783486572735
165 0.8266146474405522 0.002893505259941412
166 0.8006827471611725 0.0035090879900016615
167 0.775683420922473 0.0035767828125446454
168 0.8138025887127359 0.002907990896609931
169 0.7884956353063485 0.003514109568127953
170 0.8263022811954233 0.0032216937713899253
171 0.8003703644742157 0.003921064746200671
172 0.7753710240164795 0.003964917088288381
173 0.813490177590812 0.003189988190755314
174 0.7881832250490491 0.003903889179396486
175 0.8259898526523575 0.0035132959230832726
176 0.8000579373596037 0.0042878276348593805
177 0.7750586122030579 0.004347881343541132
178 0.8131777542343249 0.0034709348187436082
179 0.7878708121152347 0.004257693125691926
180 0.8256774216458426 0.003792908244349081
181 0.7997455145740148 0.004649226015939429
182 0.7747462078391377 0.004718245970513446
183 0.8131778044302546 0.0037288284386877654
184 0.7878708948108357 0.004601263900729401
185 0.8256774868324301 0.00406919212812618
186 0.7997455877480214 0.005008617260726717
187 0.7747463012574624 0.00508966847576785
188 0.8131766046486603 -0.008689514338296563
189 0.7878703771867364 -0.010198660225035995
190 0.8255906348822653 0.013116674119802945
191 0.7996639867289753 0.008161781514291122
192 0.7746665669067362 -0.009390999504707846
193 0.8128861871661677 0.010867534412399979
194 0.7876039664950992 0.006565444654047507
195 0.8234849378164427 0.022546807796839208
196 0.7995017801542964 -0.00648656245656172
0 0.7992580216422426 -2.5029238786818134e-14
1 0.7742587872287369 0.13715687249280337
2 0.8134131941592977 0.16734846048819346
3 0.7883157263735199 0.05308326819895324
4 0.8257594975903291 -0.06656349735090127
5 0.8004457659774306 -0.010391544775067901
6 0.7753920141013022 0.04722841487995715
7 0.8135422961403337 -0.006844277957356104
8 0.7882195168315074 -0.04205782939402752
9 0.8260185393065571 -0.043274829639049654
10 0.8001051638317057 0.009477453261188184
11 0.7751219338847551 0.04231078992744297
12 0.8132335569580285 -0.029748314000558516
13 0.7879150001500697 -0.06293685353452375
14 0.8257292918201262 -0.006841581382066606
15 0.7997857951312051 0.03194402652609011
16 0.7748344483716527 0.01675672656807507
17 0.8132505392864171 -0.03349951179590236
18 0.7879524686630497 -0.03471397218432859
19 0.8257452416190371 0.029699972243949106
20 0.7998214838364837 0.026675009287217763
21 0.7748275834842371 -0.01647330985729113
22 0.8132505348606205 -0.030691874692367286
23 0.787954572607406 0.009496812837020075
24 0.8257438852692311 0.03211389260375872
25 0.7998325874909659 -0.002640331045484877
26 0.7748302191748926 -0.03375459334816874
27 0.8132678964638954 0.005518579524391712
28 0.7879514003142208 0.03308338847110474
29 0.8257632729742935 -0.012034959399058126
30 0.7998247451688041 -0.02701203072175027
31 0.7748414608834312 -0.0022475625516515494
32 0.8131383585825571 0.040877268368430746
33 0.7878736277880438 0.008653832746968921
34 0.8254155840077431 -0.013902933694873785
35 0.7995351199872845 -0.018149301092833598
36 0.7745875992723861 -0.010133695301457801
37 0.8126526704360639 0.06021736872834475
38 0.7875594024958543 0.009342009508056843
39 0.8249519411178415 0.023528600595309417
40 0.7995111901591749 -0.014177846841426974
41 0.7747203985734533 -0.05490793171732916
42 0.8126515277190092 0.09615647926686086
43 0.7876644439558939 0.0843026789431736
44 0.8250133196575278 0.12469786890659482
45 0.7994242237153699 0.054213615091704484
46 0.7745007228712483 -0.013093407322876725
47 0.8146265689466283 0.05562118657985683
48 0.7893925552231194 0.08593914201619306
49 0.8271681628855209 0.03475080071594791
50 0.8012653525675146 -0.027491278155257544
51 0.7763618301262313 -0.014181174261651094
52 0.8144690846946208 0.03630097118808545
53 0.7891739742278544 0.02938512490818388
54 0.8269392108142635 -0.04985249258538628
55 0.8010391901398132 -0.0383645188265914
56 0.7760329714309198 0.01769902468250817
57 0.8141506637327969 0.024614912504030625
58 0.788862241031043 -0.019450514866083596
59 0.8266597580836746 -0.028815388689041314
60 0.8007375635622798 0.009188877671430834
61 0.7757390770512811 0.03208474673322514
62 0.8138630803348957 -0.0132105938522644
63 0.7885493057949492 -0.03405090748044715
64 0.8263619759980039 0.008453270473828281
65 0.8004243299316695 0.024029434384597696
66 0.7754387669004957 -0.002307559462834671
67 0.8135494576178922 -0.022225092820672258
68 0.788251217945829 -0.007625955200269922
69 0.8260496099220337 0.016414103549986462
70 0.8001253017125907 0.009797398396045593
71 0.7751241822560736 -0.01767660727678763
72 0.8132437679166874 -0.010080183733686309
73 0.7879351106108817 0.016675116288893215
74 0.8257430072588234 0.011251523169439094
75 0.7998091566506641 -0.015777323836264918
76 0.7748163567627131 -0.01660036115644104
77 0.8132429769606291 0.022483157842114403
78 0.7879376313496156 0.026854934674872957
79 0.8257427283420057 -0.013407305544438981
80 0.7998081374955556 -0.025451504524352755
81 0.7748205469667999 0.0018445958505056335
82 0.8132379220442107 0.02988079242817026
83 0.7879458534023766 0.008105762334616063
84 0.8257363798522124 -0.027743609252282198
85 0.7998201337069573 -0.012342679941232934
86 0.7748135905551886 0.02586551484905278
87 0.8132495954216789 0.009271033258234224
88 0.7879351501463014 -0.027530353115716076
89 0.8257478058417103 -0.012595600931846637
90 0.7998089600427459 0.02301226102300723
91 0.7748245242781022 0.01790119192271608
92 0.8132501692397556 -0.02113531680802292
93 0.7879454295435133 -0.02570524525653669
94 0.8257493887739384 0.01693567179130447
95 0.7998147941567475 0.027884174718830944
96 0.7748247782677163 -0.010320466293715008
97 0.8132439100269554 -0.031413220144266896
98 0.7879517028998899 0.0011508254176609753
99 0.7765809552127416 0.030341798388764142
100 0.8147084602551198 0.002035365797746015
101 0.7893936498366736 -0.027465117777465096
102 0.8272084944624987 0.0037500226973090334
103 0.8012657974908403 0.028280806009362957
104 0.7762825963488008 0.01099572324556987
105 0.8143880717113364 -0.027670657271384375
106 0.7890946112734657 -0.014446960823486708
107 0.8268864930837454 0.030329729406317327
108 0.8009690404509244 0.011954355266674323
109 0.7759623264904392 -0.025446284154219498
110 0.8140862823550453 -0.011852953200283295
111 0.7887726009837732 0.025856552770118148
112 0.8265860073411503 0.009034269510104716
113 0.8006452734327664 -0.02575026404758853
114 0.7756610684823962 -0.019577614031145014
115 0.813768557879571 0.03004060829911146
116 0.7884711306215317 0.026402466160588344
117 0.8262674274080419 -0.027169030729542368
118 0.8003408202056024 -0.029431023327841626
119 0.7753445386351752 0.016805791177033926
120 0.8134550675263974 0.03366880021177347
121 0.7881608674130838 -0.010522424271598352
122 0.8259556248152529 -0.02866169602144167
123 0.8000393374079989 0.0059656126724719006
124 0.7750340411642135 0.03239322926627614
125 0.8131633364368245 -0.00957996960149539
126 0.787846375419655 -0.03069180398664474
127 0.8256600038438207 0.009363581027332233
128 0.7997205253133016 0.02691989955690315
129 0.7747344447480923 -0.0007173848692793555
130 0.8131516160998284 -0.032655704546695793
131 0.7878601372308631 -0.009151273985594378
132 0.8256521843716429 0.02495732064056246
133 0.799735204472476 0.009716087085048977
134 0.7747338798302716 -0.017906402295154528
135 0.813165952874342 -0.009004469896996301
136 0.7878570092498205 0.017835872123649007
137 0.8256648919772301 0.013196834564270806
138 0.7997316895047615 -0.014460689353374155
139 0.7747388561677963 -0.01403130528435404
140 0.8131693828411882 0.010871884304454583
141 0.7878635683542838 0.012476050509330863
142 0.8256691270947495 -0.0105367970418672
143 0.7997383894699761 -0.00966456950352636
144 0.7747398216261607 0.006879851043333085
145 0.8131703401443794 0.010648885969888182
146 0.7878641218883008 -0.007115776042911199
147 0.8256699613709666 -0.010613797050603379
148 0.7997386846762375 0.007741206905655688
149 0.7747402882526594 0.012681816839370242
150 0.8131718159040848 -0.010097551769618317
151 0.787865284564193 -0.011731138138456386
152 0.776518654042826 0.00535740750905765
153 0.8146219601730149 0.010092202377468822
154 0.7893152594118847 -0.007961650428800404
155 0.8271212602629284 -0.010866653302876433
156 0.8011898363550373 0.0071394613706128795
157 0.7761914369937802 0.011689448234235586
158 0.8143104392984779 -0.010688281566213294
159 0.7890037370431983 -0.012174136797852005
160 0.8268099231542442 0.009304353558976958
161 0.8008787061554398 0.008721825173749243
0 0.7992580216422426 -2.5029238786818134e-14
1 0.7742587872287369 0.13715687249280337
2 0.8134131941592977 0.16734846048819346
3 0.7883157263735199 0.05308326819895324
4 0.8257594975903291 -0.06656349735090127
5 0.8004457659774306 -0.010391544775067901
6 0.7753920141013022 0.04722841487995715
7 0.8135422961403337 -0.006844277957356104
8 0.7882195168315074 -0.04205782939402752
9 0.8260185393065571 -0.043274829639049654
10 0.8001051638317057 0.009477453261188184
11 0.7751219338847551 0.04231078992744297
12 0.8132335569580285 -0.029748314000558516
13 0.7879150001500697 -0.06293685353452375
14 0.8257292918201262 -0.006841581382066606
15 0.7997857951312051 0.03194402652609011
16 0.7748344483716527 0.01675672656807507
17 0.8132505392864171 -0.03349951179590236
18 0.7879524686630497 -0.03471397218432859
19 0.8257452416190371 0.029699972243949106
20 0.7998214838364837 0.026675009287217763
21 0.7748275834842371 -0.01647330985729113
22 0.8132505348606205 -0.030691874692367286
23 0.787954572607406 0.009496812837020075
24 0.8257438852692311 0.03211389260375872
25 0.7998325874909659 -0.002640331045484877
26 0.7748302191748926 -0.03375459334816874
27 0.8132678964638954 0.005518579524391712
28 0.7879514003142208 0.03308338847110474
29 0.8257632729742935 -0.012034959399058126
0 0.799258123446125 -9.353970082604214e-13
1 0.7742587686984664 0.1182231775024455
2 0.8130977210390232 0.15564514769162296
3 0.7882202859355173 0.04255870430182038
4 0.8259541339007272 -0.06908439874351392
5 0.8004781675989846 -0.009173542942598732
6 0.775360331012576 0.05375736459192116
7 0.8116428954994436 0.039364328488753556
8 0.788178918374829 -0.024298230922433852
9 0.8200126938565052 -0.01900166237118944
10 0.796398494245666 0.00468886735353775
11 0.7708306582192319 0.022580447929784864
12 0.7993383433716983 0.03880014888183542
13 0.776392817109095 -0.023714853163845057
14 0.802940459197385 -0.021276928729343673
15 0.7797242577668632 -0.029239575940555797
16 0.7541584555185737 -0.029798111691778054
17 0.7770723493994577 0.0642110013448438
18 0.7547066212082991 0.02361092354151926
19 0.7306152419620805 -0.03920144861597807
20 0.7502906294393843 0.06072675880906092
21 0.7272880302451347 0.06458212307867502
22 0.7458130651120783 0.15143127595503375
23 0.7242729102120062 0.12069653813346246
24 0.7013799013537482 0.08180909553717637
25 0.7180847518896541 0.15510156551365858
26 0.69690712001986 0.15643166765718017
27 0.6761958764897504 0.10405419250388677
28 0.696285851565142 0.13087722915200034
29 0.676837577920687 0.14276557633960577
30 0.6569584488450867 0.13209437323284082
31 0.6774663523587058 0.15454150616540988
32 0.6592493162963436 0.08643833900422346
33 0.6457515222580346 0.022316624777750933
34 0.6674351646199446 0.05828685369351908
35 0.648421834310925 0.1315183100900805
36 0.6302673893340784 0.24934547217683659
37 0.6155938948459996 0.35959549041145183
38 0.6440205279385102 0.32508573927289647
39 0.6230832146580543 0.27996632243634983
40 0.603192264978667 0.22785272251642516
41 0.5840028769483524 0.1733002050870642
42 0.5648902439258894 0.11385675075327176
43 0.5785354850742565 0.028748103363387695
44 0.5601917025697191 -0.05491769372347858
45 0.5419201632709949 -0.15190161332240937
46 0.52510752922109 -0.2717468210297808
47 0.5126707093109674 -0.30248238160816315
48 0.4984013821965148 -0.2655378476080988
49 0.4840582907194785 -0.21157641181501302
50 0.472275742674148 -0.14668355161578772
51 0.4589432043951969 -0.07600735199591321
52 0.4882702489031526 -0.005020762622617808
53 0.4733842551916266 0.05400161045259734
54 0.45789088709607684 0.13407560300262975
55 0.44289297441312653 0.23286192787976948
56 0.43113202262089095 0.312019083278281
57 0.41900419343392376 0.29016768686530303
58 0.43774888248649213 0.23053005615776304
59 0.4219345770160724 0.1775039013840159
60 0.40720720800742766 0.11828541197996836
61 0.3931000461556114 0.051958783868635394
62 0.3801160609304183 -0.02233841003047388
63 0.3672880517840525 -0.10118465442724082
64 0.3560739642005439 -0.19347800147734584
65 0.34583301802817246 -0.3152224254972824
66 0.4272588259895231 -0.29411782447158413
67 0.42006825756102095 -0.264083785765794
68 0.40928245442494987 -0.2169936168161437
69 0.39794594733345073 -0.15147605324654703
70 0.3932574134486839 -0.05998408442827181
71 0.38722464313462457 0.06004632431487483
72 0.42750266758398026 0.2176122619442911
73 0.4454153348235296 0.26782605649076335
74 0.47235493602587325 0.18306815307355398
75 0.49783108123637637 0.0358537715910792
76 0.5530994502086666 -0.15340191344997672
77 0.6867410863191121 -0.4696836222699411
78 0.849314612415152 -0.4837516818990783
79 0.9599770156211033 -0.41283979487860983
