299316.780677
299316.780677
299316.780677
299316.780677
299316.780677
299316.780677
299316.780677
299316.780677
299316.780677
299316.780677
299316.780677
299316.780677
299316.780677
407762.981718
407762.981718
407762.981718
447372.469874
447372.469874
447372.469874
447372.469874
447372.469874
447372.469874
447372.469874
447372.469874
447372.469874
447372.469874
447372.469874
765528.072521
765528.072521
765528.072521
765528.072521
765528.072521
765528.072521
765528.072521
765528.072521
765528.072521
765528.072521
765528.072521
765528.072521
