9.1 5.6 2.5710.000000000156103 1.9999999998973 2.570249999997524
9.932705983607095 2.043260947001108 2.570249999054711
9.86288836464544 2.0881441974658594 2.570249999652044
9.794753134966315 2.1319459155903706 2.623198613677544
9.726132464063205 2.171089291406642 2.6708274595926125
9.65305230739172 2.208281900471059 2.6749275886697172
9.5816064142017 2.2442747355886947 2.64688176433353
9.513838247665133 2.2808325859753387 2.6468817653472105
9.442549663545694 2.3192895378306373 2.6712109675302917
9.372129430216525 2.3550944349262126 2.6830645238659154
9.298599621938807 2.391389989914832 2.670760832836464
9.227304322240112 2.4276802138106244 2.6627597656780857
9.158964259321941 2.463157469531774 2.6743132323448826
9.086647695954474 2.4996446530237324 2.69052187752614
9.015549210255584 2.534083082691569 2.6786683211326956
8.942179679327172 2.5707015567569824 2.6622595672590483
8.871195460910116 2.6075965408558024 2.6662597023255987
8.802731644246789 2.6428343806960553 2.673960731015796
8.73042794998839 2.679347069500873 2.6699105942181305
8.660054331237014 2.715243488908637 2.654102164314221
8.586722912991947 2.754121555875919 2.64995202373079
8.51619815274569 2.7918874014465977 2.6579530886104843
8.448029402496145 2.8276927171388175 2.657953090793112
8.376319428851385 2.8653581005937143 2.645799441684438
8.306831646092803 2.902940737453841 2.6418493117661463
8.233982126813512 2.9427143563514235 2.6501504166800656
8.16344986817588 2.980466163627538 2.650150419441086
8.095562568442501 3.016802293485388 2.642449393598427
8.024445141134494 3.055574857593413 2.638399257611203
7.955237421417646 3.093670678249094 2.646300310982009
7.882211546921561 3.133119654226532 2.650450449441398
7.811667968943552 3.170850326444029 2.6424493824971282
7.7440625103640155 3.207708183344501 2.638599254264806
7.673094884565306 3.2467542648545282 2.646700334322313
7.603573315538964 3.284274277243926 2.6546013879491754
7.5302224925492265 3.323115709361284 2.650451249607023
7.45967888420206 3.3608463247073828 2.642450182722848
7.392073395157279 3.3977041287849863 2.6463003111658914
7.320807181839083 3.4362025314364857 2.6544013911389817
7.250998731103019 3.4731860429717067 2.6504512599197545
7.17780973926108 3.5123315607108063 2.6421501526359097
7.107581763164419 3.5506464575362386 2.6461502859795734
7.039840358216398 3.587253867131506 2.6538513124764296
6.968285478462283 3.6252130400904345 2.653851312863267
10.000000000156103 1.9999999998973 2.570249999997524
9.932705983607095 2.043260947001108 2.570249999054711
9.86288836464544 2.0881441974658594 2.570249999652044
9.794753134966315 2.1319459155903706 2.623198613677544
9.726132464063205 2.171089291406642 2.6708274595926125
9.65305230739172 2.208281900471059 2.6749275886697172
9.5816064142017 2.2442747355886947 2.64688176433353
9.513838247665133 2.2808325859753387 2.6468817653472105
9.442549663545694 2.3192895378306373 2.6712109675302917
9.372129430216525 2.3550944349262126 2.6830645238659154
9.298599621938807 2.391389989914832 2.670760832836464
9.227304322240112 2.4276802138106244 2.6627597656780857
9.158964259321941 2.463157469531774 2.6743132323448826
9.086647695954474 2.4996446530237324 2.69052187752614
9.015549210255584 2.534083082691569 2.6786683211326956
8.942179679327172 2.5707015567569824 2.6622595672590483
8.871195460910116 2.6075965408558024 2.6662597023255987
8.802731644246789 2.6428343806960553 2.673960731015796
8.73042794998839 2.679347069500873 2.6699105942181305
8.660054331237014 2.715243488908637 2.654102164314221
8.586722912991947 2.754121555875919 2.64995202373079
8.51619815274569 2.7918874014465977 2.6579530886104843
8.448029402496145 2.8276927171388175 2.657953090793112
8.376319428851385 2.8653581005937143 2.645799441684438
8.306831646092803 2.902940737453841 2.6418493117661463
8.233982126813512 2.9427143563514235 2.6501504166800656
8.16344986817588 2.980466163627538 2.650150419441086
8.095562568442501 3.016802293485388 2.642449393598427
8.024445141134494 3.055574857593413 2.638399257611203
7.955237421417646 3.093670678249094 2.646300310982009
7.882211546921561 3.133119654226532 2.650450449441398
7.811667968943552 3.170850326444029 2.6424493824971282
7.7440625103640155 3.207708183344501 2.638599254264806
7.673094884565306 3.2467542648545282 2.646700334322313
7.603573315538964 3.284274277243926 2.6546013879491754
7.5302224925492265 3.323115709361284 2.650451249607023
7.45967888420206 3.3608463247073828 2.642450182722848
7.392073395157279 3.3977041287849863 2.6463003111658914
7.320807181839083 3.4362025314364857 2.6544013911389817
7.250998731103019 3.4731860429717067 2.6504512599197545
2.000000044953934 1.9999999897804142 0.4999999999999989
2.070206612940035 2.038354029601719 0.4999999943455358
2.1377805705750053 2.075269748453625 0.4999999572045092
2.208864623143918 2.114103256565265 0.5570733670828272
2.275920366047458 2.155870950500747 0.6248778124628945
2.343236174093139 2.2044257486597645 0.6456451212472276
2.4071331136723164 2.25256285617676 0.6175992982327283
2.470724320522806 2.2977311140636596 0.6136991682283552
2.5369436386629323 2.344378603746359 0.6339660599475336
2.6005927879055593 2.3911738919753422 0.6300159282157966
2.667657708042932 2.440073592467777 0.6134070713886614
2.7330730433334796 2.486126146383127 0.597398532591224
2.797564144002929 2.5300010044464023 0.6012986604865848
2.864356808409546 2.5758237766825522 0.6175073060540425
2.9287674946013382 2.6215651876452215 0.6056537496527514
2.997003700136723 2.6688166864544733 0.5807238274164628
3.0638889886369864 2.712707030747052 0.5767236930708219
3.1284350840202446 2.754693998427779 0.5882771595794921
3.19581824973443 2.799642837325803 0.5963782402353475
3.2611814598209614 2.844013534286489 0.5845246834134914
3.330400751952335 2.8898128073748164 0.5720709469245646
3.3976633098405977 2.93312276136729 0.5840745474928293
3.461899022206379 2.9755830660457447 0.5956280146531369
3.5289499498191943 3.0210260215282108 0.5875269350903252
3.594703335187498 3.064816436001547 0.575673378221227
3.6643253026238773 3.110001225775293 0.5798235159041423
3.7312500720998973 3.1538313403913585 0.5918271176505664
3.795154685718367 3.196788351931268 0.5918271177982245
3.8623778516861833 3.241976122240759 0.5796734716166367
3.928473110681398 3.2852488068816657 0.579673471547658
3.9979137783867267 3.3307117259870025 0.5921272075662879
4.064294218954382 3.3753619341716634 0.5921272081187315
4.128185942520538 3.418338114579007 0.5844261810006818
4.195741705093082 3.4630271250111866 0.5803760454430672
4.261807277706857 3.5063467531999746 0.5922296030491152
4.3306709113326365 3.5526774645596797 0.6005307085656431
4.396673797605265 3.597883917679803 0.6005307091240613
4.460202860711975 3.6413959913526637 0.5928296821317804
4.527379967374919 3.6866506170269537 0.5847286003490619
4.593256306924857 3.730257410034389 0.608457085650386
4.660538608291782 3.7771278421187824 0.6166581741764982
4.725803881658463 3.823392818643236 0.6246592397523881
4.788264584402247 3.8684249571414973 0.6169582216516962
4.85433039261822 3.9152871256904724 0.5966913210382372
4.919680297357674 3.9596789118166784 0.6323376310810506
4.985824304907421 4.008142464699641 0.6693375693483545
5.048562955987254 4.057779779262026 0.7175693018812729
5.1065763779539655 4.108412706563875 0.736835372885548
5.166563710674634 4.16283931399858 0.7287342859638902
5.225500246822884 4.215448590771465 0.7485007666467407
5.2863140631412895 4.271932319779989 0.7859519329168918
5.342851285212711 4.32853220862857 0.8059686186818337
5.396860590628727 4.384810488712573 0.7981675782203681
5.4533990769618805 4.4428116780446265 0.7860139323943093
5.509227220973026 4.498708654490428 0.7978674900280538
5.567179600319648 4.558124580811788 0.8186347981566086
5.62183710318892 4.616541718112385 0.8066311980870562
5.67580913928407 4.672855744005406 0.7871149294474155
5.732985230647906 4.7302284976931785 0.7911650648402584
5.788524711161433 4.786412305353285 0.8030186214485623
5.846170233839016 4.846125987041123 0.7988684841528068
5.9019716821028485 4.903451396445657 0.7788518009030533
5.957487035630135 4.9582446156408135 0.7788518008371921
6.015135262352028 5.015142939679146 0.7950604455915767
6.070455484970248 5.071542655731936 0.7950604446202182
6.1285743774550125 5.130795702959591 0.7784515867612481
6.18553453752204 5.1869699387397254 0.7784515860304827
6.241071797474652 5.24174095168732 0.7901550980847326
6.298073204330771 5.299287253384317 0.7942052330254133
6.353441654385119 5.35563962429687 0.7823516757546648
6.4123088773748576 5.414149275895062 0.7740505691447206
6.469515708745373 5.470072284262238 0.7860541700755401
6.524634323747952 5.525263274578908 0.7938552109887411
6.581423049914347 5.583020763562851 0.7857541312517066
6.637265095871484 5.638902569591294 0.7778530773222992
6.696395601220133 5.697147438142259 0.7820032151473744
6.7531558847038 5.753523626606435 0.7900042823575164
6.808056030215118 5.808931872213954 0.786104152581574
6.865290765998674 5.866247486018212 0.7780030721800534
6.921564223391413 5.921694742917932 0.7819532040876994
6.979746422833892 5.979477388355703 0.7901542348744611
7.036044794261707 6.036313919079665 0.7821532308167333
7.091378258713077 6.091289434585198 0.7782531009581274
7.149061695104749 6.148154402505252 0.7863541808903325
7.204163256979366 6.203361419393337 0.7785531407444681
7.262541556052218 6.260945938537422 0.7785531405603751
7.31878403219075 6.31642367238547 0.770652087032345
7.374028193473007 6.370062137756819 0.7783531157128264
7.430993872752264 6.426230733775626 0.798369775199773
7.485428128437224 6.482095858078895 0.7788535311587981
7.542365678217109 6.538292969960593 0.7668499290642729
7.598533506881448 6.592414837504668 0.7473336458383149
7.654279768692519 6.644070968589422 0.7549346779703242
7.711088429253651 6.697519736427394 0.778362796187501
7.765205273153493 6.750880495934085 0.7440702117735465
7.823327005105419 6.804386186815044 0.7084238604311166
7.881799897480834 6.854485338404496 0.6502368608496588
7.940699511431347 6.899283056296901 0.6205734987205861
8.003342559300968 6.944058581624586 0.6090197756386767
8.064858085823325 6.9869636042894685 0.5638030693579104
2.000000044953934 1.9999999897804142 0.4999999999999989
2.070206612940035 2.038354029601719 0.4999999943455358
2.1377805705750053 2.075269748453625 0.4999999572045092
2.208864623143918 2.114103256565265 0.5570733670828272
2.275920366047458 2.155870950500747 0.6248778124628945
2.343236174093139 2.2044257486597645 0.6456451212472276
2.4071331136723164 2.25256285617676 0.6175992982327283
2.470724320522806 2.2977311140636596 0.6136991682283552
2.5369436386629323 2.344378603746359 0.6339660599475336
2.6005927879055593 2.3911738919753422 0.6300159282157966
2.667657708042932 2.440073592467777 0.6134070713886614
2.7330730433334796 2.486126146383127 0.597398532591224
2.797564144002929 2.5300010044464023 0.6012986604865848
2.864356808409546 2.5758237766825522 0.6175073060540425
2.9287674946013382 2.6215651876452215 0.6056537496527514
2.997003700136723 2.6688166864544733 0.5807238274164628
3.0638889886369864 2.712707030747052 0.5767236930708219
3.1284350840202446 2.754693998427779 0.5882771595794921
3.19581824973443 2.799642837325803 0.5963782402353475
3.2611814598209614 2.844013534286489 0.5845246834134914
3.330400751952335 2.8898128073748164 0.5720709469245646
3.3976633098405977 2.93312276136729 0.5840745474928293
3.461899022206379 2.9755830660457447 0.5956280146531369
3.5289499498191943 3.0210260215282108 0.5875269350903252
3.594703335187498 3.064816436001547 0.575673378221227
3.6643253026238773 3.110001225775293 0.5798235159041423
3.7312500720998973 3.1538313403913585 0.5918271176505664
3.795154685718367 3.196788351931268 0.5918271177982245
3.8623778516861833 3.241976122240759 0.5796734716166367
3.928473110681398 3.2852488068816657 0.579673471547658
3.9979137783867267 3.3307117259870025 0.5921272075662879
4.064294218954382 3.3753619341716634 0.5921272081187315
4.128185942520538 3.418338114579007 0.5844261810006818
4.195741705093082 3.4630271250111866 0.5803760454430672
4.261807277706857 3.5063467531999746 0.5922296030491152
4.3306709113326365 3.5526774645596797 0.6005307085656431
4.396673797605265 3.597883917679803 0.6005307091240613
4.460202860711975 3.6413959913526637 0.5928296821317804
4.527379967374919 3.6866506170269537 0.5847286003490619
4.593256306924857 3.730257410034389 0.608457085650386
4.660538608291782 3.7771278421187824 0.6166581741764982
4.725803881658463 3.823392818643236 0.6246592397523881
4.788264584402247 3.8684249571414973 0.6169582216516962
4.85433039261822 3.9152871256904724 0.5966913210382372
4.919680297357674 3.9596789118166784 0.6323376310810506
4.985824304907421 4.008142464699641 0.6693375693483545
5.048562955987254 4.057779779262026 0.7175693018812729
5.1065763779539655 4.108412706563875 0.736835372885548
5.166563710674634 4.16283931399858 0.7287342859638902
5.225500246822884 4.215448590771465 0.7485007666467407
5.2863140631412895 4.271932319779989 0.7859519329168918
5.342851285212711 4.32853220862857 0.8059686186818337
5.396860590628727 4.384810488712573 0.7981675782203681
5.4533990769618805 4.4428116780446265 0.7860139323943093
5.509227220973026 4.498708654490428 0.7978674900280538
5.567179600319648 4.558124580811788 0.8186347981566086
5.62183710318892 4.616541718112385 0.8066311980870562
5.67580913928407 4.672855744005406 0.7871149294474155
5.732985230647906 4.7302284976931785 0.7911650648402584
5.788524711161433 4.786412305353285 0.8030186214485623
5.846170233839016 4.846125987041123 0.7988684841528068
5.9019716821028485 4.903451396445657 0.7788518009030533
5.957487035630135 4.9582446156408135 0.7788518008371921
6.015135262352028 5.015142939679146 0.7950604455915767
6.070455484970248 5.071542655731936 0.7950604446202182
6.1285743774550125 5.130795702959591 0.7784515867612481
6.18553453752204 5.1869699387397254 0.7784515860304827
6.241071797474652 5.24174095168732 0.7901550980847326
6.298073204330771 5.299287253384317 0.7942052330254133
6.353441654385119 5.35563962429687 0.7823516757546648
6.4123088773748576 5.414149275895062 0.7740505691447206
6.469515708745373 5.470072284262238 0.7860541700755401
6.524634323747952 5.525263274578908 0.7938552109887411
6.581423049914347 5.583020763562851 0.7857541312517066
6.637265095871484 5.638902569591294 0.7778530773222992
6.696395601220133 5.697147438142259 0.7820032151473744
6.7531558847038 5.753523626606435 0.7900042823575164
6.808056030215118 5.808931872213954 0.786104152581574
6.865290765998674 5.866247486018212 0.7780030721800534
6.921564223391413 5.921694742917932 0.7819532040876994
6.979746422833892 5.979477388355703 0.7901542348744611
7.036044794261707 6.036313919079665 0.7821532308167333
7.091378258713077 6.091289434585198 0.7782531009581274
7.149061695104749 6.148154402505252 0.7863541808903325
7.204163256979366 6.203361419393337 0.7785531407444681
7.262541556052218 6.260945938537422 0.7785531405603751
7.31878403219075 6.31642367238547 0.770652087032345
7.374028193473007 6.370062137756819 0.7783531157128264
7.430993872752264 6.426230733775626 0.798369775199773
7.485428128437224 6.482095858078895 0.7788535311587981
7.542365678217109 6.538292969960593 0.7668499290642729
7.598533506881448 6.592414837504668 0.7473336458383149
7.654279768692519 6.644070968589422 0.7549346779703242
7.711088429253651 6.697519736427394 0.778362796187501
7.765205273153493 6.750880495934085 0.7440702117735465
7.823327005105419 6.804386186815044 0.7084238604311166
7.881799897480834 6.854485338404496 0.6502368608496588
7.940699511431347 6.899283056296901 0.6205734987205861
8.003342559300968 6.944058581624586 0.6090197756386767
8.064858085823325 6.9869636042894685 0.5638030693579104
2.000000044953934 1.9999999897804142 0.4999999999999989
2.070206612940035 2.038354029601719 0.4999999943455358
2.1377805705750053 2.075269748453625 0.4999999572045092
2.208864623143918 2.114103256565265 0.5570733670828272
2.275920366047458 2.155870950500747 0.6248778124628945
2.343236174093139 2.2044257486597645 0.6456451212472276
2.4071331136723164 2.25256285617676 0.6175992982327283
2.470724320522806 2.2977311140636596 0.6136991682283552
2.5369436386629323 2.344378603746359 0.6339660599475336
2.6005927879055593 2.3911738919753422 0.6300159282157966
2.667657708042932 2.440073592467777 0.6134070713886614
2.7330730433334796 2.486126146383127 0.597398532591224
2.797564144002929 2.5300010044464023 0.6012986604865848
2.864356808409546 2.5758237766825522 0.6175073060540425
2.9287674946013382 2.6215651876452215 0.6056537496527514
2.997003700136723 2.6688166864544733 0.5807238274164628
3.0638889886369864 2.712707030747052 0.5767236930708219
3.1284350840202446 2.754693998427779 0.5882771595794921
3.19581824973443 2.799642837325803 0.5963782402353475
3.2611814598209614 2.844013534286489 0.5845246834134914
3.330400751952335 2.8898128073748164 0.5720709469245646
3.3976633098405977 2.93312276136729 0.5840745474928293
3.461899022206379 2.9755830660457447 0.5956280146531369
3.5289499498191943 3.0210260215282108 0.5875269350903252
3.594703335187498 3.064816436001547 0.575673378221227
3.6643253026238773 3.110001225775293 0.5798235159041423
3.7312500720998973 3.1538313403913585 0.5918271176505664
3.795154685718367 3.196788351931268 0.5918271177982245
3.8623778516861833 3.241976122240759 0.5796734716166367
3.928473110681398 3.2852488068816657 0.579673471547658
3.9979137783867267 3.3307117259870025 0.5921272075662879
4.064294218954382 3.3753619341716634 0.5921272081187315
4.128185942520538 3.418338114579007 0.5844261810006818
4.195741705093082 3.4630271250111866 0.5803760454430672
4.261807277706857 3.5063467531999746 0.5922296030491152
4.3306709113326365 3.5526774645596797 0.6005307085656431
4.396673797605265 3.597883917679803 0.6005307091240613
4.460202860711975 3.6413959913526637 0.5928296821317804
4.527379967374919 3.6866506170269537 0.5847286003490619
4.593256306924857 3.730257410034389 0.608457085650386
4.660538608291782 3.7771278421187824 0.6166581741764982
4.725803881658463 3.823392818643236 0.6246592397523881
4.788264584402247 3.8684249571414973 0.6169582216516962
2.000000044953934 1.9999999897804142 0.4999999999999989
2.070206612940035 2.038354029601719 0.4999999943455358
2.1377805705750053 2.075269748453625 0.4999999572045092
2.208864623143918 2.114103256565265 0.5570733670828272
2.275920366047458 2.155870950500747 0.6248778124628945
2.343236174093139 2.2044257486597645 0.6456451212472276
2.4071331136723164 2.25256285617676 0.6175992982327283
2.470724320522806 2.2977311140636596 0.6136991682283552
2.5369436386629323 2.344378603746359 0.6339660599475336
2.6005927879055593 2.3911738919753422 0.6300159282157966
2.667657708042932 2.440073592467777 0.6134070713886614
2.7330730433334796 2.486126146383127 0.597398532591224
2.797564144002929 2.5300010044464023 0.6012986604865848
2.864356808409546 2.5758237766825522 0.6175073060540425
2.9287674946013382 2.6215651876452215 0.6056537496527514
2.997003700136723 2.6688166864544733 0.5807238274164628
3.0638889886369864 2.712707030747052 0.5767236930708219
3.1284350840202446 2.754693998427779 0.5882771595794921
3.19581824973443 2.799642837325803 0.5963782402353475
3.2611814598209614 2.844013534286489 0.5845246834134914
3.330400751952335 2.8898128073748164 0.5720709469245646
3.3976633098405977 2.93312276136729 0.5840745474928293
3.461899022206379 2.9755830660457447 0.5956280146531369
3.5289499498191943 3.0210260215282108 0.5875269350903252
3.594703335187498 3.064816436001547 0.575673378221227
2.000000044953934 1.9999999897804142 0.4999999999999989
2.070206612940035 2.038354029601719 0.4999999943455358
2.1377805705750053 2.075269748453625 0.4999999572045092
2.208864623143918 2.114103256565265 0.5570733670828272
2.275920366047458 2.155870950500747 0.6248778124628945
2.343236174093139 2.2044257486597645 0.6456451212472276
2.4071331136723164 2.25256285617676 0.6175992982327283
2.470724320522806 2.2977311140636596 0.6136991682283552
2.5369436386629323 2.344378603746359 0.6339660599475336
2.6005927879055593 2.3911738919753422 0.6300159282157966
2.667657708042932 2.440073592467777 0.6134070713886614
2.7330730433334796 2.486126146383127 0.597398532591224
2.797564144002929 2.5300010044464023 0.6012986604865848
2.864356808409546 2.5758237766825522 0.6175073060540425
2.9287674946013382 2.6215651876452215 0.6056537496527514
2.997003700136723 2.6688166864544733 0.5807238274164628
3.0638889886369864 2.712707030747052 0.5767236930708219
3.1284350840202446 2.754693998427779 0.5882771595794921
3.19581824973443 2.799642837325803 0.5963782402353475
3.2611814598209614 2.844013534286489 0.5845246834134914
3.330400751952335 2.8898128073748164 0.5720709469245646
3.3976633098405977 2.93312276136729 0.5840745474928293
3.461899022206379 2.9755830660457447 0.5956280146531369
3.5289499498191943 3.0210260215282108 0.5875269350903252
3.594703335187498 3.064816436001547 0.575673378221227
3.6643253026238773 3.110001225775293 0.5798235159041423
3.7312500720998973 3.1538313403913585 0.5918271176505664
3.795154685718367 3.196788351931268 0.5918271177982245
3.8623778516861833 3.241976122240759 0.5796734716166367
3.928473110681398 3.2852488068816657 0.579673471547658
2.000000044953934 1.9999999897804142 0.4999999999999989
2.070206612940035 2.038354029601719 0.4999999943455358
2.1377805705750053 2.075269748453625 0.4999999572045092
2.208864623143918 2.114103256565265 0.5570733670828272
2.275920366047458 2.155870950500747 0.6248778124628945
2.343236174093139 2.2044257486597645 0.6456451212472276
2.4071331136723164 2.25256285617676 0.6175992982327283
2.470724320522806 2.2977311140636596 0.6136991682283552
2.5369436386629323 2.344378603746359 0.6339660599475336
2.6005927879055593 2.3911738919753422 0.6300159282157966
2.667657708042932 2.440073592467777 0.6134070713886614
2.7330730433334796 2.486126146383127 0.597398532591224
2.797564144002929 2.5300010044464023 0.6012986604865848
2.864356808409546 2.5758237766825522 0.6175073060540425
2.9287674946013382 2.6215651876452215 0.6056537496527514
2.997003700136723 2.6688166864544733 0.5807238274164628
3.0638889886369864 2.712707030747052 0.5767236930708219
3.1284350840202446 2.754693998427779 0.5882771595794921
3.19581824973443 2.799642837325803 0.5963782402353475
3.2611814598209614 2.844013534286489 0.5845246834134914
3.330400751952335 2.8898128073748164 0.5720709469245646
3.3976633098405977 2.93312276136729 0.5840745474928293
3.461899022206379 2.9755830660457447 0.5956280146531369
3.5289499498191943 3.0210260215282108 0.5875269350903252
3.594703335187498 3.064816436001547 0.575673378221227
3.6643253026238773 3.110001225775293 0.5798235159041423
3.7312500720998973 3.1538313403913585 0.5918271176505664
3.795154685718367 3.196788351931268 0.5918271177982245
3.8623778516861833 3.241976122240759 0.5796734716166367
3.928473110681398 3.2852488068816657 0.579673471547658
3.9979137783867267 3.3307117259870025 0.5921272075662879
4.064294218954382 3.3753619341716634 0.5921272081187315
4.128185942520538 3.418338114579007 0.5844261810006818
4.195741705093082 3.4630271250111866 0.5803760454430672
4.261807277706857 3.5063467531999746 0.5922296030491152
4.3306709113326365 3.5526774645596797 0.6005307085656431
4.396673797605265 3.597883917679803 0.6005307091240613
4.460202860711975 3.6413959913526637 0.5928296821317804
4.527379967374919 3.6866506170269537 0.5847286003490619
4.593256306924857 3.730257410034389 0.608457085650386
4.660538608291782 3.7771278421187824 0.6166581741764982
4.725803881658463 3.823392818643236 0.6246592397523881
4.788264584402247 3.8684249571414973 0.6169582216516962
4.85433039261822 3.9152871256904724 0.5966913210382372
4.919680297357674 3.9596789118166784 0.6323376310810506
4.985824304907421 4.008142464699641 0.6693375693483545
5.048562955987254 4.057779779262026 0.7175693018812729
5.1065763779539655 4.108412706563875 0.736835372885548
5.166563710674634 4.16283931399858 0.7287342859638902
5.225500246822884 4.215448590771465 0.7485007666467407
5.2863140631412895 4.271932319779989 0.7859519329168918
5.342851285212711 4.32853220862857 0.8059686186818337
5.396860590628727 4.384810488712573 0.7981675782203681
5.4533990769618805 4.4428116780446265 0.7860139323943093
5.509227220973026 4.498708654490428 0.7978674900280538
5.567179600319648 4.558124580811788 0.8186347981566086
5.62183710318892 4.616541718112385 0.8066311980870562
5.67580913928407 4.672855744005406 0.7871149294474155
5.732985230647906 4.7302284976931785 0.7911650648402584
5.788524711161433 4.786412305353285 0.8030186214485623
5.846170233839016 4.846125987041123 0.7988684841528068
5.9019716821028485 4.903451396445657 0.7788518009030533
5.957487035630135 4.9582446156408135 0.7788518008371921
6.015135262352028 5.015142939679146 0.7950604455915767
6.070455484970248 5.071542655731936 0.7950604446202182
6.1285743774550125 5.130795702959591 0.7784515867612481
6.18553453752204 5.1869699387397254 0.7784515860304827
6.241071797474652 5.24174095168732 0.7901550980847326
6.298073204330771 5.299287253384317 0.7942052330254133
6.353441654385119 5.35563962429687 0.7823516757546648
6.4123088773748576 5.414149275895062 0.7740505691447206
6.469515708745373 5.470072284262238 0.7860541700755401
6.524634323747952 5.525263274578908 0.7938552109887411
6.581423049914347 5.583020763562851 0.7857541312517066
6.637265095871484 5.638902569591294 0.7778530773222992
6.696395601220133 5.697147438142259 0.7820032151473744
6.7531558847038 5.753523626606435 0.7900042823575164
6.808056030215118 5.808931872213954 0.786104152581574
6.865290765998674 5.866247486018212 0.7780030721800534
6.921564223391413 5.921694742917932 0.7819532040876994
6.979746422833892 5.979477388355703 0.7901542348744611
7.036044794261707 6.036313919079665 0.7821532308167333
7.091378258713077 6.091289434585198 0.7782531009581274
7.149061695104749 6.148154402505252 0.7863541808903325
7.204163256979366 6.203361419393337 0.7785531407444681
7.262541556052218 6.260945938537422 0.7785531405603751
7.31878403219075 6.31642367238547 0.770652087032345
7.374028193473007 6.370062137756819 0.7783531157128264
7.430993872752264 6.426230733775626 0.798369775199773
7.485428128437224 6.482095858078895 0.7788535311587981
7.542365678217109 6.538292969960593 0.7668499290642729
7.598533506881448 6.592414837504668 0.7473336458383149
7.654279768692519 6.644070968589422 0.7549346779703242
7.711088429253651 6.697519736427394 0.778362796187501
7.765205273153493 6.750880495934085 0.7440702117735465
7.823327005105419 6.804386186815044 0.7084238604311166
7.881799897480834 6.854485338404496 0.6502368608496588
7.940699511431347 6.899283056296901 0.6205734987205861
8.003342559300968 6.944058581624586 0.6090197756386767
8.064858085823325 6.9869636042894685 0.5638030693579104
2.000000044953934 1.9999999897804142 0.4999999999999989
2.070206612940035 2.038354029601719 0.4999999943455358
2.1377805705750053 2.075269748453625 0.4999999572045092
2.208864623143918 2.114103256565265 0.5570733670828272
2.275920366047458 2.155870950500747 0.6248778124628945
2.343236174093139 2.2044257486597645 0.6456451212472276
2.4071331136723164 2.25256285617676 0.6175992982327283
2.470724320522806 2.2977311140636596 0.6136991682283552
2.5369436386629323 2.344378603746359 0.6339660599475336
2.6005927879055593 2.3911738919753422 0.6300159282157966
2.667657708042932 2.440073592467777 0.6134070713886614
2.7330730433334796 2.486126146383127 0.597398532591224
2.797564144002929 2.5300010044464023 0.6012986604865848
2.864356808409546 2.5758237766825522 0.6175073060540425
2.9287674946013382 2.6215651876452215 0.6056537496527514
2.997003700136723 2.6688166864544733 0.5807238274164628
3.0638889886369864 2.712707030747052 0.5767236930708219
3.1284350840202446 2.754693998427779 0.5882771595794921
3.19581824973443 2.799642837325803 0.5963782402353475
2.000000044953934 1.9999999897804142 0.4999999999999989
2.070206575875673 2.0383539588279604 0.4999999322601704
2.137780399121289 2.075269935816336 0.5000001852911641
2.208864661689558 2.1141032461162736 0.5570733613239296
2.275920310574489 2.155870923071389 0.6248778161562298
2.3432361573461913 2.204425822603038 0.6456451398588898
2.4071331781336545 2.252562802637565 0.6175992739442416
2.4707242734986856 2.297731081310344 0.6136991688251741
2.5369436608596634 2.3443786195963803 0.6339660599189874
2.6005927470284487 2.3911738504789284 0.630015921750388
2.6676582560360487 2.440073948081008 0.6134070695209113
2.733073556396785 2.486126470718974 0.5973985299121701
2.7975639440859377 2.530000869556747 0.6012986605617369
2.8643568305937093 2.5758237913679474 0.6175073059387337
2.928767399287747 2.621565124742091 0.6056537498403646
2.9970042436202164 2.6688170229255914 0.5807238262857763
3.063889549717967 2.71270739753358 0.5767236934090145
3.1284358806599575 2.754694536148751 0.5882771597272309
3.1958187703665923 2.7996431839548737 0.5963782397961723
3.261182164269548 2.8440139858923215 0.5845246825736162
3.3304012762740314 2.8898131456432687 0.5720709471361141
3.3976638099260574 2.933123100784269 0.5840745483809796
3.4618998280524798 2.9755836135498135 0.5956280140651894
3.5289500194567287 3.021026069328151 0.5875269353690638
3.5947041082720093 3.0648169343563594 0.5756733782157619
3.664325295527225 3.110001214944776 0.5798235155920374
3.73125012354838 3.153831374474149 0.5918271177203058
3.795155485816631 3.1967888840120264 0.5918271173219919
3.8623778676595544 3.241976130892373 0.5796734715727647
3.9284738789697125 3.2852493225641086 0.5836236039886272
3.9977336362414135 3.3309856598286745 0.5960773393662397
4.063937218654029 3.3758977565845427 0.5920772065114941
4.127831869250874 3.4188712465337594 0.5805237398533242
4.195560728861782 3.463295769250725 0.5805237393615875
4.261619901098297 3.5066251630277354 0.5963321727629195
4.330292860338047 3.5532379932485583 0.6004823101290805
4.396297949519908 3.598441259974315 0.5964821769715886
4.460002657793346 3.641695786299357 0.588781150158123
4.527362416054396 3.6866780539192203 0.5847310129838881
4.593238654005644 3.7302850121398885 0.6084594984269769
4.660520829920797 3.777155609225137 0.6125596320749919
4.72597519719693 3.823152717036296 0.6205606963647579
4.788619920923254 3.8679284627578814 0.6128596771379757
4.854877253973905 3.9145194778193986 0.5885304671987122
4.920587230491895 3.95837647702005 0.6281626757667795
4.987742109060436 4.007151104088958 0.6698015477967357
5.050457733675995 4.056817528879597 0.7261703040064678
5.108033523306303 4.107947550630085 0.7454363737805146
5.167550505415837 4.162888089434719 0.7373352892384273
5.2260323850135215 4.21600232341831 0.7571017687027907
5.286358121868642 4.273007012442833 0.7945529361341552
5.342406451066253 4.33009109074386 0.8105614772482621
5.396156729244325 4.386616832237405 0.7988579646200444
5.45265514288921 4.444657034112432 0.7867043194727126
5.508444694957783 4.500592549726742 0.7985578772967644
5.5663560279859965 4.560048463574629 0.8193251853764413
5.620973196335303 4.6185033352173965 0.8033166478901126
5.675131602253888 4.6746381649253985 0.7838003786870247
5.732497535526435 4.7318210868277575 0.7838003794196456
5.788449282051474 4.787594350137057 0.7956539360176843
5.846533016253633 4.846881866290605 0.7956539367366646
5.90251845883577 4.904027610004705 0.779645398043414
5.95799030951862 4.958864860317498 0.7757452677157103
6.015815015298549 5.015583831701819 0.7878989140631595
6.071537703957055 5.071585923309999 0.7918490448999246
6.129846597975629 5.130652022546002 0.7793953091437285
6.186753720830593 5.186879991803192 0.7793953086432893
6.242239254801911 5.241703378274336 0.7910988203876235
6.2991863372046195 5.299303457933761 0.7951489556047584
6.354501565346738 5.355708039127829 0.7832953982840262
6.4133135541957715 5.4142732286571045 0.7749942917697811
6.470467585106759 5.470250200110176 0.7869978926788549
6.525534728629229 5.525493830390174 0.7947989333157239
6.582268279442874 5.583304233328076 0.786697853732401
6.638058205730164 5.6392393429395025 0.7787967995669365
6.697133068989073 5.697539353437304 0.7829469378485558
6.753840124557612 5.753969086279509 0.7869470713965769
6.808204087796984 5.808501713649155 0.7830969429600246
6.865610232485387 5.865644263600671 0.7749958626886315
6.922050857204906 5.920922738527401 0.7828969171092081
6.980886190960414 5.979464456095487 0.7953506528563099
7.036888958327616 6.036593213384177 0.7913505198272991
7.091012284233715 6.091364696192299 0.7797970531713343
7.148606677601597 6.148317490592588 0.7797970528154717
7.204781257187518 6.203866320924262 0.7916506096811843
7.263101869733135 6.262920820393129 0.7958007482305604
7.319078920729426 6.32007478182862 0.7837971472024327
7.373614412107501 6.374435908150358 0.7760961199103851
7.431419191686181 6.43117514461513 0.7841971994441156
7.4873488206027226 6.486970619653962 0.7920982534180968
7.545642977128579 6.546051217884005 0.7879481153873569
7.602067114733944 6.602763848013914 0.7839479818410588
7.656593693538178 6.657132509601888 0.7877981106954232
7.713732296532183 6.714544809501585 0.7918476633755374
7.769231733210184 6.77076607516357 0.7839471903968988
7.826590381142441 6.827958514005007 0.7758461108652357
7.882982849640974 6.883283821320319 0.77584611162163
7.937947699669751 6.937208524934783 0.7873995786106367
7.993697079462011 6.993181643066696 0.7953006659462373
8.047602576357013 7.048165310911998 0.7760345739022981
2.000000044953934 1.9999999897804142 0.4999999999999989
2.070206626832858 2.0383540125874022 0.49999998729411904
2.137780468100532 2.0752698027424006 0.4999999962710731
2.2088646613637346 2.1141032442501406 0.5570733608689751
2.2759203144492335 2.1558709257712314 0.6248778108070018
2.343236166448874 2.20442581236151 0.6456451291731696
2.407133104807896 2.2525629274174044 0.6175993144378045
2.4707242733872388 2.297731081454039 0.6136991685316396
2.5369436590444643 2.344378619680332 0.6339660600379287
2.6005927387914953 2.3911738635395494 0.6300159307337034
2.6676582543286975 2.4400739490369046 0.6134070690427214
2.7330735502069787 2.4861264724747136 0.597398530456112
2.7975639456574224 2.530000868544432 0.6012986603612039
2.8643568304392706 2.5758237926142624 0.6175073060450931
2.928767399806236 2.6215651251759655 0.6056537498381457
2.997004242789455 2.668817027318333 0.5807238266708753
3.06388955034064 2.7127073975849205 0.5767236933010093
3.1284358816299376 2.7546945382718198 0.5882771599142221
3.1958187705611727 2.7996431829361557 0.5963782397087666
3.2611821652073103 2.8440139876455106 0.5845246826943482
3.330401276699544 2.889813145314642 0.57207094707741
3.3976638098538996 2.933123100880791 0.5840745483621089
3.461899828241016 2.9755836140167062 0.59562801450456
3.5289500242389904 3.0210260661250383 0.5875269348353908
3.5947041084685334 3.0648169348887553 0.5756733784033845
3.664325294114505 3.1100012187089634 0.5798235159528088
3.731250123412012 3.153831373170076 0.5918271176081346
3.7951554856032566 3.196788884337657 0.5918271173610219
3.862377865800902 3.2419761289323117 0.5796734715296818
3.928473879206079 3.2852493222176715 0.5836236038217487
2.000000044953934 1.9999999897804142 0.4999999999999989
2.070206626832858 2.0383540125874022 0.49999998729411904
2.137780468100532 2.0752698027424006 0.4999999962710731
2.2088646613637346 2.1141032442501406 0.5570733608689751
2.2759203144492335 2.1558709257712314 0.6248778108070018
2.343236166448874 2.20442581236151 0.6456451291731696
2.407133104807896 2.2525629274174044 0.6175993144378045
2.4707242733872388 2.297731081454039 0.6136991685316396
2.5369436590444643 2.344378619680332 0.6339660600379287
2.6005927387914953 2.3911738635395494 0.6300159307337034
2.6676582543286975 2.4400739490369046 0.6134070690427214
2.7330735502069787 2.4861264724747136 0.597398530456112
2.7975639456574224 2.530000868544432 0.6012986603612039
2.8643568304392706 2.5758237926142624 0.6175073060450931
2.928767399806236 2.6215651251759655 0.6056537498381457
2.997004242789455 2.668817027318333 0.5807238266708753
3.06388955034064 2.7127073975849205 0.5767236933010093
3.1284358816299376 2.7546945382718198 0.5882771599142221
3.1958187705611727 2.7996431829361557 0.5963782397087666
3.2611821652073103 2.8440139876455106 0.5845246826943482
3.330401276699544 2.889813145314642 0.57207094707741
3.3976638098538996 2.933123100880791 0.5840745483621089
3.461899828241016 2.9755836140167062 0.59562801450456
3.5289500242389904 3.0210260661250383 0.5875269348353908
3.5947041084685334 3.0648169348887553 0.5756733784033845
3.664325294114505 3.1100012187089634 0.5798235159528088
3.731250123412012 3.153831373170076 0.5918271176081346
3.7951554856032566 3.196788884337657 0.5918271173610219
3.862377865800902 3.2419761289323117 0.5796734715296818
3.928473879206079 3.2852493222176715 0.5836236038217487
3.9977336345925645 3.3309856613992816 0.5960773395862402
4.063937218508641 3.375897756591227 0.5920772065134953
4.127831869342414 3.4188712465000597 0.5805237398610876
4.19556072966273 3.4632957679213283 0.5805237392055969
4.261619900779696 3.5066251635023797 0.5963321728165576
4.330292860467761 3.553237992911681 0.6004823101063995
4.396297949022185 3.5984412610289964 0.5964821770801906
4.460002657651993 3.641695786044008 0.5887811501173169
4.527362415623072 3.6866780552939167 0.5847310131089216
4.59323865431983 3.7302850107931143 0.6084594982616383
4.660520830365506 3.777155609627232 0.6125596321071967
4.725975198149551 3.823152716045117 0.6205606962471087
4.788619920462578 3.867928460961662 0.6128596770169568
4.854877254985609 3.9145194761070963 0.5885304670253376
4.920587229868108 3.958376477188373 0.6281626758859559
4.987742108602332 4.00715110276171 0.6698015481385693
5.050457732615836 4.056817528817463 0.726170304112982
5.108033517609719 4.107947556441086 0.7492980772906845
5.167337891750299 4.1631175231066475 0.7411969920496024
5.225614233036185 4.216457192362603 0.7570054280734084
5.285945455523468 4.273456074950796 0.7902764316377446
5.342237393004928 4.330299938290154 0.8062849724596453
5.3962289054184565 4.386595306591529 0.7984839316083602
5.452749028498631 4.444614368449921 0.7903828519789003
5.508332452546872 4.500754719634395 0.7982839059262237
5.566260065910475 4.560194771244271 0.8148927648348967
5.6211357978996235 4.618406977777463 0.8028891644153221
5.675318190936926 4.6745186558641345 0.7872808368079833
5.7324847531351315 4.73190089125061 0.7872808372744594
5.788242053096458 4.787868546444145 0.7951818908634847
5.846353764343956 4.847128637349734 0.7951818913369431
5.902366178663075 4.904247945484881 0.7831782899070389
5.9576439500095555 4.959280830234704 0.7792781601027026
6.015267909021844 5.0162037367405174 0.7873792395842999
6.071019695130308 5.072176865069878 0.7873792399105544
6.129592023497223 5.130981736792421 0.7790781330276542
6.186516975653182 5.1871916551859085 0.7830782663183938
6.241800227259278 5.242219021528146 0.7908793071362568
6.298759946734277 5.29980659770104 0.7908793072428236
6.354315492400553 5.355974501974093 0.7829782534464409
6.413146054309964 5.414521027138632 0.7788281151071871
6.4700850538409735 5.470716712572261 0.7828282485323312
6.525382068841957 5.525730255482433 0.7867283789324745
6.5825803336929685 5.583080897283607 0.7826782440472773
6.638594639056152 5.638791318054517 0.7787281125314478
6.697673506776388 5.697087262577375 0.7828782503762878
6.754384438542057 5.753513101195328 0.786878384022754
6.808752145892667 5.808042002878724 0.7868783839329789
6.865941797635548 5.865401217484011 0.7828282491519739
6.921947748843404 5.921120048097655 0.7828282491392905
6.980787090871394 5.979657731411653 0.7869783874415649
7.037266191636328 6.036315618882324 0.7869783876262956
7.091628461567034 6.090849957852758 0.783128258654204
7.1490328101509775 6.147994293760743 0.783128258985706
7.205022047994672 6.203729932890094 0.7870783902989342
7.263612058268966 6.262517162879383 0.791228529157127
7.319849847661238 6.319414584434824 0.7872283957914377
7.3741984900353605 6.373962512107371 0.7833782664327843
7.43158854699059 6.4311211956743115 0.7874284020096044
7.487337607192718 6.487097078384274 0.7913785326133378
7.545674268476664 6.546135718099898 0.7872283955136757
7.602139208818351 6.602807722278607 0.7832282616838787
7.65670561243262 6.657137819021215 0.783228260934656
7.714104242721261 6.714287891759457 0.7872783963595454
7.769861702240996 6.770255407048206 0.7872783955008377
7.828439943258257 6.829054361683236 0.7831282578198662
7.885136773575055 6.8854943748837405 0.783128257421651
7.939708597576846 6.939819017158102 0.786978385714639
7.996892510809083 6.997183945525318 0.7869783856907862
8.052665864096728 7.053133842613999 0.7830282537257278
8.107951642539993 7.108158197513615 0.7830282540983025
8.165361721808855 7.16529679708617 0.787078388493328
8.22113035831261 7.221253156620212 0.7870783887410029
8.2797203711194 7.2800403957989595 0.7829282501610124
8.336428484536013 7.336469066870369 0.7829282500433729
8.391720008117655 7.391488144656207 0.7868283806894305
8.448912537772806 7.448844500579319 0.7868283802158688
8.504695164559067 7.504786910781134 0.7828782488158621
8.563531579924183 7.5633275414926695 0.7828782482056774
8.62024251363683 7.6197533771018 0.7868783816937842
8.675316277847408 7.6749904288474085 0.7868783821370777
8.732505936416441 7.732349648212051 0.7828282467725804
8.788511884898083 7.788068479640451 0.7828282475477225
8.847351233848062 7.846606163912264 0.7869783849799864
8.903830334380416 7.903264050126641 0.7869783852393939
8.958898573907405 7.958506604622898 0.7830782558468029
9.016305800080957 8.015648078517348 0.7830782549803738
9.072297806682009 8.07138091544913 0.7870283878343053
9.130890771183399 8.130165220220924 0.7870283870015631
9.187367037986043 8.186825929584172 0.783028253724043
9.242653054150258 8.241850533263692 0.7830282548322394
9.300063143382816 8.298989131919866 0.7870783886924518
9.355831768306272 8.354945492962976 0.7870783896148664
9.41442178911115 8.413732731161605 0.7829282506403288
9.471129899991183 8.470161401413964 0.7829282506274501
9.526421414294012 8.52518048119077 0.7868283818036222
9.583613953204523 8.582536834169225 0.790878516003205
9.63916954337812 8.638704711245266 0.7869283847208625
9.697768378754212 8.69748316254132 0.782778246045965
9.754484954329309 8.753903324441065 0.7867783794789119
9.80885810835889 8.808426795945433 0.7906285085546977
9.865832258895537 8.86600007628182 0.7865783732908493
9.92162886436344 8.921928538000849 0.7826282421289841
9.980479920908465 8.980454455806424 0.7867783797415072
10.036970351617049 9.03710104313691 0.790778513468433
10.091124981417524 9.091841566620674 0.786928385331051
10.148311765778896 9.149203645531603 0.7788273049994626
10.204540184724882 9.204697960534366 0.7827774377797442
10.263382513998108 9.263232652513036 0.7910785436855045
10.319628829064074 9.320121638119046 0.7870784107672449
10.373985635947731 9.374661406161186 0.7793773842239667
10.43160393723541 9.431590027576137 0.779377383417703
10.487801813716931 9.487115270126575 0.7872784382980722
10.546380080378958 9.545914222406733 0.7914285759270744
10.602606480766909 9.60282288989865 0.7874284428433144
10.656944190674356 9.657381684221507 0.7835783148136933
10.7143228306858 9.714551853298065 0.7876284493017297
10.770060668472368 9.770538882488921 0.7915785814997677
10.828385536994523 9.829589197337711 0.7874284433701552
10.884839133012026 9.88627249340168 0.7834283098595299
10.9393946454699 9.94061349930346 0.7834283102926799
10.99678186133901 9.99777505948137 0.7874784447970559
11.052527218305118 10.053752838992981 0.7874784452379159
11.107567582064085 10.109022674362759 0.7835783155108559
11.164946227370333 10.16619285136774 0.7795281795497508
11.221135733948394 10.221726563822674 0.7834783127206632
11.279937019715154 10.280302486532673 0.7876284503793627
11.336379274250545 10.33699707591464 0.7836283171752683
11.391632270989652 10.392054838718733 0.7797281876547234
11.44923060631164 10.449003671288692 0.7837783218854769
11.50518358458902 10.504775692420052 0.7877284543460097
11.563735378509406 10.56360100496691 0.7877284541077697
11.620171964123887 10.620301236839174 0.7837283208624279
11.675419451923927 10.675364528037997 0.7837283212575498
11.732789523756715 10.73254330629935 0.78777845559195
11.78851896629744 10.788538693293056 0.7877784559992517
11.847067812635284 10.847366938438507 0.7836283178233453
11.903736404541263 10.903835293627248 0.7836283177747952
11.958989397279463 10.958893062517452 0.7875284479377197
12.016141760899574 11.016289447080647 0.7875284480204943
12.071885210096616 11.072270892251554 0.783578316126724
12.130680627819716 11.13085270308171 0.7835783162796739
12.18735204393181 11.187318224267836 0.7875784496666174
12.242387127123061 11.242593814119473 0.7875784494341671
12.29953661464582 11.299993061356703 0.7835283148777052
12.355503546673935 11.355751082978653 0.7835283148290204
12.41430189777167 11.41432994953715 0.7876784531380097
12.470741318370766 11.471027359631712 0.7876784533095413
12.525065392121576 11.525599735497563 0.7838283245340238
12.582429727451466 11.582784255042071 0.7797781897752661
12.63860535791866 11.638332009078509 0.7837283217809308
12.697391993737302 11.696922632623856 0.7878784599351749
12.753820072092346 11.75363133083358 0.7838783266826247
12.808351131859672 11.807996877955413 0.7800281982724583
12.86593236971483 11.864962984618339 0.784078333013313
12.921868618220238 11.920751787351405 0.7880284649030886
12.980402757554785 11.979594665611994 0.7880284651374294
13.036822332552486 12.036311823684558 0.7880284650733851
13.091127297959368 12.09090321404872 0.7880284647560639
13.148250945734706 12.148328166446621 0.7880284651987126
13.20396639535242 12.204337474084257 0.7840783331237702
13.262732518413737 12.262948677820022 0.7840783331262676
13.319375693118962 12.319442528895111 0.7880784666123555
13.373677918646141 12.374036631362543 0.7880784665055134
13.430798709829793 12.431464443688899 0.784028331182888
13.486737719479535 12.487250444769591 0.7919293858386984
13.54504191667637 12.546321213781614 0.7960795225158467
13.601003040861986 12.60349077008331 0.8040805889339098
13.654424677653104 12.658946757081482 0.7963795638914775
13.711066854909905 12.716846788699346 0.7761126700797218
13.767445581664711 12.772188267805708 0.7998411581030188
13.824583899136108 12.831001200656349 0.8203582483373517
13.879140725470839 12.889512241954762 0.8564557068921413
13.929585782198185 12.947689104543285 0.8603059043533161
13.982413488496615 13.00908928515484 0.8440972487227562
14.034901806837766 13.068131903302373 0.8797435461345559
14.084615680461463 13.12823781221063 0.9228174255885889
14.133504487913925 13.192818226987091 0.9349710649886857
14.180418854756223 13.256381528609413 0.9547375448761374
14.22837729537619 13.32412161573193 0.9796674631590787
14.272961208408134 13.39054660452026 1.0036963057920392
14.31486274958835 13.456338030461454 1.0075964360636689
14.358107334672264 13.52482630573253 0.9994953568501801
14.400825641400546 13.591282307744569 0.9955452237793695
14.44598053550501 13.660922567596405 1.007998961161202
14.488664874951283 13.7285838688632 0.9999978947553689
14.530809491712587 13.79421984784752 0.9843895680534102
14.575631700196196 13.861686194922859 0.988439703351243
14.61908207422451 13.927665881424552 0.9963407571253666
14.664181539281792 13.997342049577796 0.9921906194616723
14.707930122001427 14.064320149117789 0.9801870176987303
14.751366664048867 14.129108401989365 0.9801870176247841
14.796472017106488 14.196385775699039 0.99234066371111
14.839664697270905 14.262534446622679 0.9883905310796747
14.885316662541099 14.331849871007295 0.9717816731340855
14.930423005767738 14.397921213517343 0.9757818057478701
14.974144509003233 14.462517504682733 0.9874853172324383
15.01875764610489 14.530122283439878 0.9874853178436062
15.06227099722513 14.596060453075724 0.9756317607516318
15.108803622277307 14.6647877771987 0.9714816223035756
15.153929784399887 14.730845582721013 0.9834852230251429
15.196598272920637 14.794944327719486 0.9873353520859515
15.241221534079926 14.862542413214234 0.9751817061233873
15.285542832356732 14.927940247889836 0.9712315745056279
15.332377439187894 14.996462139350427 0.9836853099689199
15.376694102255678 15.06306572599461 0.9916863773545835
15.41883552234469 15.127512237950441 0.983985348297135
15.463684958884697 15.194960449418836 0.9718317041510475
15.508224565433721 15.2602086287672 0.9757818331199511
15.554187269132717 15.328116140116842 0.9921905851509887
15.597935837227435 15.39509421397774 0.9841895188709203
15.640558286649247 15.459221638631393 0.9687812996115158
15.686428890132865 15.525981472555266 0.9728314368518616
15.730339949570507 15.5904471992545 0.9884397592775485
15.775439408638952 15.658930989669393 0.9884397369625966
15.81888891283589 15.724909394320585 0.9647112839043963
15.862752447030207 15.788194586535727 0.9531577999426781
15.909081241949746 15.853414358723297 0.9651614126137601
15.952916106589274 15.916719207895198 0.9767148814988167
15.997696126167606 15.983012094498802 0.9607062446775907
16.042385319593873 16.046940774007094 0.9255112693848733
16.087492332230983 16.106860392747947 0.8878857600301492
16.136714585167272 16.167368081440202 0.8566190300445204
16.18583917181733 16.22404049811379 0.8980362189181473
16.231328931987406 16.281134137695634 0.9494727036554911
16.27556939183383 16.342930325348075 0.9761162258004918
16.316467411438094 16.40339831771651 1.0017080154955833
16.357420941530258 16.467420192015805 1.0245354367001334
16.395344129529047 16.529796647336745 1.0834389455767828
16.428592917019824 16.59253041014201 1.1370919621259816
16.459690378694575 16.65967913093942 1.1704821509621817
16.487749253363965 16.725986756507325 1.1957233838753178
16.513026785340006 16.79018986768266 1.2268574972234279
16.537304954660115 16.85797312734862 1.2520987360959477
16.55923779020578 16.92444826719587 1.2380913544200005
16.58144683686574 16.988719302878174 1.2176667804234194
16.60565539269348 17.054399663951507 1.2141666000841267
16.629395766035678 17.1181212889558 1.2345910450673196
16.65116931421056 17.180426150468932 1.2777344914174287
16.66994652214954 17.242654949716066 1.3538311095931896
16.684369757574835 17.308084030409965 1.4685769177918837
16.691002552559734 17.372744690092826 1.5655609247702393
16.69133188482108 17.43574381333566 1.64264699978438
16.686666010900698 17.500576104387218 1.7017869450866303
16.67843750586613 17.563036525876903 1.7333922585433614
16.668562283257483 17.62323187891451 1.7425451153191658
16.65847881666701 17.681363774099733 1.7336925634785028
16.649235286314532 17.73760935239574 1.7079727693851083
16.641713902841314 17.79209263800298 1.6635936229489128
16.636339330032136 17.84984300049568 1.5833337470685636
16.635624471464713 17.906838580834357 1.513589668136102
16.63876939934007 17.961748633801225 1.4607015399610177
16.64470237770791 18.015421505197104 1.4254024096915694
16.65223622961622 18.066872992837673 1.4071726863843246
16.661032473152233 18.120151624484564 1.4044725604488293
16.669641536514387 18.17143399623575 1.4122748877449456
16.677534712445024 18.22080723074079 1.429803669979253
16.684420342508965 18.26932108129798 1.4618341003485962
16.68953131270971 18.31604212591783 1.5168579053377782
16.692172736133323 18.36497085502359 1.5873089454417664
16.691396770358878 18.41196453571319 1.6448171649541838
16.68806924801287 18.456841352058845 1.6880890829139392
16.682920316192703 18.500538962693927 1.716851291992867
16.67680821370631 18.542091886078236 1.7336870203799792
16.670158294992806 18.582548933723903 1.7377879348191205
16.66334344882362 18.622978791770525 1.7316360520281067
16.656937947713946 18.662462521924194 1.7135871758320071
16.6513884650735 18.701065677590456 1.6801139765423516
16.64724194866882 18.738838702827163 1.6171500344529413
16.645528264310276 18.775798978948938 1.5599227224000172
2.000000044953934 1.9999999897804142 0.4999999999999989
2.0702066223405815 2.038354052258503 0.499999998696096
2.137781393216601 2.0752701832414546 0.4999999410690983
2.2088641642363136 2.114102888321392 0.5570733598203889
2.2759210109628487 2.1558715060291513 0.6248778222716032
2.3432357501333065 2.204425372566739 0.6539753390778511
2.406729428251306 2.253093130317039 0.6459742905593038
2.469014749226543 2.3000481860536524 0.6459742842443096
2.5336930996394917 2.3488074103319674 0.6581279350485809
2.5961943422920597 2.397127583925768 0.6264603456139993
2.6634319591731273 2.4457880638661593 0.5931893409759041
2.729764946044839 2.490508743883375 0.5691604971653227
2.795469097445763 2.5325452595270925 0.5730606287267849
2.8635284186122405 2.57646357476027 0.5933275181126713
2.9290274338883453 2.6206351335973928 0.5933275125199422
2.997840129210049 2.6670414978870958 0.5767186598711541
3.064900671671551 2.7106636032272173 0.5807187940120914
3.1292792426912395 2.7529086105943037 0.5922722659647938
3.196481549401545 2.7981258026928644 0.5963224008063605
3.2618479870879398 2.842493314104446 0.584468844081859
3.331069097727026 2.8882882442248787 0.5761677318242752
3.3981536605234215 2.9318733952165164 0.5881713304460641
3.4622156243424125 2.9745969966846015 0.5958723601818292
3.529254710107083 3.0200558325569795 0.5918222240742789
3.59482013289176 3.0641287484950905 0.5839211685903464
3.6640663180916118 3.1098857617283744 0.583921171789202
3.7308109279690544 3.1539897431424384 0.5879213041539445
3.7948835801357097 3.196697310881308 0.5879213044634409
3.8622819850367227 3.2416216842005623 0.5798202243027498
3.9283716273403195 3.2849045518432303 0.5837703555888845
3.9976247183215143 3.330651103320361 0.5962240928842433
4.0638216796077815 3.3755728887406016 0.592223958617735
4.127709237567489 3.41855524302998 0.5845229319794906
4.195260680611079 3.4632507963488472 0.5845229326141222
4.261145304902997 3.5068434961097834 0.5963764880318861
4.329816959325386 3.5534599103175744 0.5963764884212699
4.396007075607112 3.598391790963599 0.5883754224364268
4.460059565882917 3.641127942970424 0.584525293138094
4.5276109415779455 3.6858236596841865 0.5845252918864992
4.593495422483723 3.729416511114307 0.6042917680330576
4.6617959942573615 3.776575014083994 0.6042917661296248
4.727628838628889 3.822029616758246 0.620300281350855
4.790284088147211 3.8667882767857638 0.6164501783673316
4.8563744055889515 3.913617423280854 0.5921209715106818
4.921925840581167 3.957709469188947 0.635747077560969
4.987904879970889 4.0063988729403315 0.6686172274233261
5.05067928299278 4.055990955559966 0.7290713070627114
5.108105823152127 4.107287113258495 0.7599371928766837
5.166820565804578 4.163085595306182 0.7558870570197106
5.224306451029448 4.217274880361899 0.7716954895064203
5.283794514878775 4.275154550723966 0.8007930306254002
5.339485535670553 4.332587244729257 0.8087940977725059
5.393334961301249 4.389017224877162 0.7970905866459619
5.449936540675525 4.446958156601645 0.7889895066079554
5.505597477613351 4.503020327380027 0.7929396380711972
5.5638425811592676 4.5621506317157206 0.8012407454157348
5.619507877094919 4.619608258802554 0.7892371456348126
5.674450544773509 4.674974381013202 0.7775336322943571
5.73217438677272 4.73179733733268 0.7815837672546514
5.788248969622038 4.787445769962747 0.7934373235819546
5.846464633577235 4.846605060778227 0.7934373239642061
5.9025766035025145 4.903626553529613 0.7854362571079652
5.957729308334687 4.9587834516242735 0.781536126806526
6.015225253126013 5.015836991508389 0.7896372071232592
6.070849865599851 5.071935205515584 0.789637206935314
6.129289916211214 5.130872844969174 0.7771834706367294
6.186321261091094 5.1869748044315935 0.7771834705241082
6.2419272735811875 5.241674672823545 0.7888869818363281
6.2990022711042615 5.29914931754337 0.792937117150629
6.3544414661178035 5.355430777499143 0.7810835605834623
6.413383511630004 5.413866384879935 0.7727824535260294
6.470661211833591 5.469716801479726 0.7847860544215782
6.525849758212509 5.524837838050636 0.7925870952073166
6.58271169675835 5.582523279088522 0.7844860152459802
6.638624546710446 5.638334212233245 0.7765849615856917
6.697828882855621 5.696504063035641 0.7848860681568838
6.754426402880476 5.7530436477310465 0.7928871353370603
6.808464818582539 5.807897569360748 0.7890370068715784
6.865531187180542 5.865380782077395 0.7768833605899681
6.921867350723783 5.920765650835631 0.7808334926388537
6.980823389071783 5.979185879669359 0.7932872286737944
7.036943914137468 6.036198954394475 0.7892870955527438
7.091179459599089 6.090857977264372 0.7815860684307011
7.148672551940059 6.1479143904253295 0.7815860683190801
7.20474763378411 6.20356358284958 0.7894871217110333
7.263195911469583 6.262491811272682 0.7936372605456037
7.319296477849156 6.319524524170569 0.7856361938011069
7.373731859979078 6.373985809836508 0.7817860652044423
7.431212899462298 6.4310530816307026 0.7898871452573372
7.486824118287178 6.487165829023741 0.7938372763927009
7.545015480900136 6.546347768904857 0.7855361705146929
7.6015762356473475 6.602924132903393 0.7815360368076035
7.656234452052802 6.6571617801648335 0.7853861650508579
7.713509665986547 6.714435619497552 0.7894363002974335
7.769146188329158 6.770523282622595 0.7854861679402718
7.827829751663779 6.829217195470967 0.7771850615873541
7.88486100698473 6.885319244362626 0.7811851946332573
7.9395382443238525 6.939537721612293 0.7888862216099104
7.996612641454897 6.997011676531847 0.788886221997095
8.052279135634643 7.0530678667036995 0.7809851682974273
8.107677200471688 7.107979133435077 0.7809851684601783
8.165203928071024 7.165000346983588 0.7890862483582949
8.220860077286664 7.221068541037915 0.7890862479700084
8.279331954969638 7.279973336208471 0.7807851417092269
8.336160868070158 7.3362803399406245 0.7807851413898047
8.391570149692924 7.391180773227189 0.7885861818147971
8.448661794523376 7.448637600541705 0.7926363170161055
8.504118560388283 7.504903013287129 0.784735262651137
8.562846176678345 7.563552840038348 0.7764341562628947
8.619919544417696 7.619612046390971 0.7844352228512991
8.675128068095551 7.6747143635892225 0.792236263160708
8.732009602299827 7.732379203044742 0.7881861287398607
8.787716210031126 7.788397269182962 0.7802850746515189
8.846704254041317 7.846785157063452 0.7802850746229532
8.903561315352844 7.903063735171601 0.7882861415053742
8.958557247481377 7.958378239262669 0.788286141342004
9.015666116678762 8.015817940624714 0.7801850616200935
9.071819128594466 8.071388521156319 0.7801850618337229
9.130813019290926 8.129770498392574 0.7884861681847596
9.187206621971857 8.186513475855088 0.7884861685312926
9.242191496877139 8.241838976368607 0.7845860382056937
9.299512508452224 8.29906696803577 0.7805359032680855
9.355646018787574 8.354657256026206 0.78448603538678
9.414388256908547 8.413292421439927 0.7886361733589146
9.470773347926958 8.470043857301821 0.7846360401353958
9.525970826962391 8.525157257905034 0.7807359102026996
9.58351175441241 8.582164121500663 0.7847860447762829
9.639408492302987 8.637992481892105 0.7887361767422285
9.69790098555595 8.696876784224449 0.788736176786994
9.754280404214452 8.753633858486687 0.7847360434807545
9.808764798720313 8.808046148110595 0.7847360435253973
9.866077221935894 8.865282721073996 0.7887861783332316
9.92175020382313 8.92133422431121 0.7887861781767482
9.980239746334961 8.980221454817542 0.7846360401348572
10.03685140393208 9.036746884170938 0.7846360399374713
10.091341237815893 9.091153731133282 0.7884861684273851
10.148438608129895 9.148604832887278 0.7884861685651539
10.204128410835683 9.204639627275647 0.7845360365176374
10.262867704812734 9.263277732053115 0.7845360365786946
10.319485014881066 9.31979750104484 0.788536170003221
10.373762248799427 9.374416446930892 0.7885361697914928
10.43085673962687 9.431870406466398 0.7844860351609013
10.486770239305104 9.487681993034593 0.784486035081572
10.545512467964503 9.546317156649657 0.788636173373249
10.60189756019137 9.603068591265036 0.7886361735509664
10.656169338211061 9.657692959589143 0.7847860447653223
10.71347888460623 9.714932400029214 0.780735909916885
10.769601288372023 9.770533923589614 0.7846860419738183
10.828331785899321 9.829180828054499 0.7888361800479371
10.884705526375212 9.885943542005341 0.7848360468676248
10.939184494230027 9.940361285064109 0.7809859184406522
10.996711145129092 9.997382517413971 0.7809859180561859
11.052818763676642 10.052997187394014 0.7849360499135899
11.107999466340642 10.108126915287585 0.7849360500811815
11.165300430330033 10.16537494825071 0.7808859148755043
11.221414499485967 10.220984894127254 0.7808859154845126
11.280367435606237 10.279408180615112 0.7850360529687254
11.336956476026456 10.335956257215809 0.7850360532300373
11.392131914117662 10.391091754016676 0.785036053644243
11.449427150549829 10.448345506607113 0.7850360531273328
11.505309953843069 10.504187858027885 0.7850360536548383
11.564019909392456 10.56285530468182 0.7850360530871333
11.62060895224133 10.619403379998484 0.785036053153918
11.675784392431353 10.674538881343958 0.7850360537241462
11.733079625995712 10.731792628659491 0.7850360530565414
11.788962432244379 10.787634985050705 0.7850360537299494
11.847672384991679 10.846302427025787 0.7850360530272363
11.904261428295388 10.902850502967242 0.7850360531094754
11.959436871032038 10.957986008653894 0.7850360538074223
12.016732101402932 11.015239750698338 0.7850360529882047
12.07261491060451 11.071082112001895 0.7850360538073275
12.131324860676191 11.129749549374626 0.7850360529623154
12.187913904363935 11.186297625881101 0.7850360530596023
12.24308934961369 11.241433136075068 0.785036053901419
12.30038457717308 11.298686873085527 0.7850360529215051
12.356267389200129 11.35452923944659 0.7850360539041843
12.41497733587174 11.413196670896049 0.7850360528675209
12.471566380410865 11.46974474866541 0.7850360529999305
12.526741828040787 11.52488026350093 0.7850360540060473
12.58403705241069 11.582133994549919 0.7850360528219675
12.639919867778364 11.637976367093458 0.7850360540147453
12.698629811188317 11.696643792386126 0.7850360527657009
12.755218856648748 11.75319187160405 0.7850360529411663
12.809686949673713 11.807620546654004 0.7850360541403965
12.866982165481089 11.864874265989588 0.7850360527304971
12.922864983389807 11.920716644056782 0.7850360541386132
12.981574924213762 11.979384063634514 0.7850360526610631
13.03816397011707 12.035932143727257 0.7850360528694398
13.092632058452267 12.090360820485131 0.7888861824922676
13.149706416938363 12.147834709070233 0.792936316226358
13.205146324330464 12.204116801925137 0.788986184874016
13.263624068680581 12.26301569911656 0.7848360458374275
13.320224426983609 12.319552458104797 0.788836179349918
13.374484625068362 12.374187049164307 0.7926863083099025
13.431340825564632 12.431878089125833 0.7886361721643729
13.48702155184808 12.487920594110422 0.7925863050800765
13.544586025439793 12.546318636671907 0.796686441692124
2.000000044953934 1.9999999897804142 0.4999999999999989
2.070206534460161 2.038354136268849 0.500000162156576
2.1377805560272067 2.0752697688424244 0.4999999671980282
2.2088646229756197 2.1141032558253294 0.5570733670513125
2.2759210274805444 2.1558714901985363 0.6248778151308775
2.3432356910556296 2.2044254096238665 0.6456451232211833
2.4071326153511694 2.2525625390497486 0.617599302366556
2.470724320565553 2.2977311149680917 0.6136991683053377
2.536943156642948 2.3443782572178695 0.63396606051694
2.600593522079651 2.3911743939945116 0.6300159263542026
2.6676577089134437 2.4400735958185864 0.6134070715684997
2.7330730457262837 2.486126148649045 0.5973985320314027
2.797564144515512 2.5300010055826876 0.6012986605340876
2.864356314851358 2.5758234419027715 0.6175073075159359
2.928768247420521 2.621565670024721 0.6056537474132564
2.997003701530368 2.668816690248665 0.5807238275793587
3.063888990204674 2.7127070349037776 0.5767236932770328
3.1284350846896967 2.7546939997532194 0.5882771596297096
3.19581825106997 2.7996428408575067 0.5963782404182923
3.261181460611309 2.8440135358200314 0.5845246834737232
3.3304007553747232 2.8898128138161545 0.5720709471162001
3.3976633109655716 2.9331227651858667 0.5840745478165267
3.4618990231513056 2.975583067606462 0.5956280147143403
3.5289499518795195 3.02102602573299 0.587526935289727
3.5947040908570727 3.0648169149448115 0.5756733778186746
3.6643253057098395 3.110001231171938 0.5798235161866446
3.7312500752940694 3.1538313462375216 0.591827117905826
3.795154686820476 3.196788353654908 0.5918271178578518
3.862377854635466 3.2419761265720606 0.5796734718440789
3.9284738589000865 3.285249303071985 0.5836236035766169
3.99773365469908 3.3309856803710978 0.596077339804795
4.063937202167938 3.375897751726061 0.59207720679406
4.127831073762152 3.4188707306866415 0.5805237399877134
4.195560723568185 3.4632957693643447 0.5805237395082556
4.2616198847098925 3.5066251444592025 0.596332172379635
4.330292871380036 3.5532380062471884 0.6004823102908644
4.396297944459043 3.5984412625480386 0.5964821773206985
4.460001892591261 3.6416952752969225 0.5887811502276235
4.527362424121349 3.686678065177454 0.5847310132937942
4.593237948705185 3.7302844827372965 0.6084594963220056
4.6605208414561305 3.7771556224101563 0.6125596322682619
4.725975188934357 3.823152713084926 0.6205606963887104
4.788619235821438 3.8679279434692244 0.6167105715947775
4.854697340672393 3.914774285444977 0.596443676056607
4.92005821341761 3.95914986196844 0.6360758835804711
4.986825034090302 4.008454405206942 0.6693468774708481
5.049563227570647 4.058092304935312 0.7175786101033843
5.107576164571763 4.108725756465846 0.7368446807843831
5.167563007530494 4.1631529368375775 0.7327945393134349
5.22628543798386 4.216001061133467 0.7565230253315247
5.286644181432535 4.272970853626714 0.7939741926571385
5.3427255256580874 4.330022474410011 0.8059777961682082
5.396734310465505 4.386301229866681 0.7942742844743296
5.45349819982272 4.444081868381058 0.7902241496129753
5.509090499264718 4.500213385129013 0.8060325828814047
5.566555814748698 4.560100538432216 0.8184863191473157
5.6212219874865825 4.618509556450493 0.7984696370786768
5.6756518189944405 4.674381209098823 0.7828613091611636
5.733071450157564 4.7315102471277735 0.7909623896248954
5.788622310279148 4.787682779397228 0.7988634429153082
5.846515464805886 4.847156433979456 0.7905623370922035
5.902791141635858 4.9040163694848875 0.7785587352809185
5.95832253332218 4.95879330963005 0.7824588656187156
6.0157651565059655 5.015899221349122 0.7946125114238866
6.071110630301515 5.072274134596111 0.790662378989109
6.129489574324796 5.13127100848141 0.7782086435471766
6.18646337745922 5.18743140314195 0.7822087764286257
6.241794457261177 5.242410676660367 0.7900098169953097
6.298804229542531 5.299948712840496 0.7900098172069289
6.354408598228617 5.356068289446662 0.7821087630703706
6.413290046644117 5.414563647852043 0.7779586248202215
6.470277885152583 5.470709796761225 0.7859596915660018
6.525402362257179 5.525896224651082 0.7898598217877868
6.5824207568691335 5.5834257123801985 0.781758741956383
6.638486266208529 5.639084598407358 0.7778086103643463
6.697618719594833 5.697326200876466 0.7861097164724759
6.754147012107034 5.753935001637364 0.7901098502967341
6.808338235742812 5.808639290852638 0.7824088231799972
6.865783691195014 5.865742332143859 0.7743077429132853
6.922262336791139 5.920981953745164 0.7822087976105325
6.9811379483902245 5.9794831781921465 0.7946625329623762
7.03718001079884 6.0365733834294675 0.7906624001268232
7.091341006544861 6.091307602794492 0.7791089333919711
7.148974586633729 6.148220761493103 0.7791089329484319
7.205187366228885 6.203730915241742 0.7909624903482199
7.263548614367194 6.262745279649472 0.7951126284338477
7.3195649754673875 6.319860702622515 0.7831090271824991
7.374137843239179 6.374184279564977 0.7792588989478402
7.431762893642941 6.43110606707898 0.7914125444018344
7.487288479138252 6.487303610751683 0.7953626761266028
7.545389467600226 6.546574217926089 0.7829089404958752
7.602098670552203 6.603001789368585 0.7789088065536809
7.656899212236262 6.657095687485673 0.7866098341801238
7.714104274509334 6.714439531503739 0.7947109138421514
7.769444217978129 6.770819901844746 0.7868098597496112
7.828050004747585 6.829591414554889 0.774356123736836
7.885239746492489 6.885531900542141 0.7823571901672561
7.939853423670538 6.939814457691137 0.7939106573812375
7.996638295652396 6.997574423348076 0.789860522422232
8.052250156547803 7.053684829952419 0.7780069657994148
8.107811530601312 7.108430891853575 0.778006966453088
8.165507801782095 7.165280489044709 0.7901606116169702
8.221103706789684 7.221408478240612 0.7901606118233624
8.279512238305337 7.280376033732045 0.7777068757749617
8.336514211458903 7.3365078335557925 0.77770687517854
8.39209224631707 7.391237479497316 0.7894103877071226
8.449136493206188 7.448741310464468 0.793460522170302
8.504546892874988 7.505052437002068 0.7816069654059417
8.563457674572948 7.56351822515033 0.777456826733144
8.62047368471519 7.619635773845946 0.7894604281741037
8.675404639515483 7.675014850333565 0.7933605585982916
8.732221273823484 7.732743579807695 0.7812069124849509
8.788317501838547 7.788371536135529 0.7772567813410448
8.847482079834329 7.846580482316498 0.7897105164551214
8.90380616289928 7.903392458497382 0.79371065031007
8.95850127617646 7.959004492853699 0.7820071389503526
9.015969656747302 8.01608444516674 0.7739060583535682
9.072470492152032 8.071301392684685 0.7857596163095251
9.131137992693798 8.130011289990914 0.7982133514386311
9.186976983379836 8.187300136644852 0.7862097510105963
9.24208768992386 8.242500341400214 0.7745062391694779
9.299982615967986 8.299147611897805 0.7826073182231738
9.356000869852908 8.354854097976563 0.7944608759388557
9.414155284358088 8.414072259230663 0.7903107373714924
9.470445266353831 8.470918039235606 0.7783071357857793
9.52598979522845 8.525680362178619 0.7822072657102774
9.583447426236194 8.582772460465947 0.7943609117713759
9.638807101720614 8.639133477921634 0.7904107801749969
9.697200866415635 8.698115629086352 0.7779570438792061
9.754188800869047 8.754261691466054 0.7819571768185776
9.808824197942714 8.808522411887251 0.7935106443495417
9.865632161978148 8.866259638812288 0.7935106438853107
9.92103975266218 8.92257355647515 0.7816570872762061
9.979947592740187 8.981042282857613 0.7775069483373765
10.036960789591646 9.037162692818262 0.7855080153238801
10.091403180917231 9.09161706583192 0.7893581446733661
10.14845040267329 9.149117901755327 0.7812570638950266
10.204543848838936 9.2047486873145 0.7773069332150316
10.263705493998636 9.262960585653124 0.7856080384058424
10.320262181769271 9.319541024786638 0.7896081723765029
10.374480855387443 9.374218149985829 0.7857580445301093
10.431734720449565 9.43151323875144 0.7817079088097988
10.487803067607766 9.487169312261704 0.785658041705811
10.546476517519991 9.545873248768027 0.7898081789119952
10.602795058957224 9.602690732948123 0.7858080458058966
10.657221120632197 9.657161428033909 0.7819579181784131
10.714692306645054 9.714238520517133 0.7860080518918164
10.770520811170785 9.770135184584502 0.7899581847680422
10.828941271791171 9.82909088488957 0.7858080456324326
10.885486645378066 9.885682632747137 0.7818079122307263
10.940130152790616 9.93993519428645 0.7856580418418332
10.997389751914575 9.997224542193592 0.7897081754848424
11.053006288539471 10.053322643607284 0.7857580463076849
11.108145544262454 10.10850156717799 0.7818579148889985
11.165622442044938 10.165572914240158 0.7859080484476195
11.221456538483986 10.221463999266247 0.7898581814882092
11.27988289408856 10.280413855504982 0.7857080422671762
11.336433926870454 10.336999948917482 0.7817079088974758
11.39179256539487 10.391951533880546 0.7856080402567428
11.449055033049014 10.449238020375258 0.7896581737096201
11.504679150558298 10.505338088542986 0.7857080429891848
11.563349650837203 10.564044956402087 0.7815579035094256
2.000000044953934 1.9999999897804142 0.4999999999999989
2.070206534460161 2.038354136268849 0.500000162156576
2.1377805560272067 2.0752697688424244 0.4999999671980282
2.2088646229756197 2.1141032558253294 0.5570733670513125
2.2759210274805444 2.1558714901985363 0.6248778151308775
2.3432356910556296 2.2044254096238665 0.6456451232211833
2.4071326153511694 2.2525625390497486 0.617599302366556
2.470724320565553 2.2977311149680917 0.6136991683053377
2.536943156642948 2.3443782572178695 0.63396606051694
2.600593522079651 2.3911743939945116 0.6300159263542026
2.6676577089134437 2.4400735958185864 0.6134070715684997
2.7330730457262837 2.486126148649045 0.5973985320314027
2.797564144515512 2.5300010055826876 0.6012986605340876
2.864356314851358 2.5758234419027715 0.6175073075159359
2.928768247420521 2.621565670024721 0.6056537474132564
2.997003701530368 2.668816690248665 0.5807238275793587
3.063888990204674 2.7127070349037776 0.5767236932770328
3.1284350846896967 2.7546939997532194 0.5882771596297096
3.19581825106997 2.7996428408575067 0.5963782404182923
3.261181460611309 2.8440135358200314 0.5845246834737232
3.3304007553747232 2.8898128138161545 0.5720709471162001
3.3976633109655716 2.9331227651858667 0.5840745478165267
3.4618990231513056 2.975583067606462 0.5956280147143403
3.5289499518795195 3.02102602573299 0.587526935289727
3.5947040908570727 3.0648169149448115 0.5756733778186746
3.6643253057098395 3.110001231171938 0.5798235161866446
3.7312500752940694 3.1538313462375216 0.591827117905826
3.795154686820476 3.196788353654908 0.5918271178578518
3.862377854635466 3.2419761265720606 0.5796734718440789
3.9284738589000865 3.285249303071985 0.5836236035766169
1.9999999999995952 1.9999999999995237 0.5000000000011711
2.0702066323692265 2.0383539930886108 0.4999999686371141
2.1377803732423413 2.075269957481381 0.500000422562359
2.2088642641984184 2.114102965415614 0.5488346217309649
2.2762621476447538 2.1553170859136146 0.6125796305927134
2.344161149209563 2.2030340028136646 0.6291883828076186
2.4088439428031894 2.250115121041819 0.6011425717524377
2.4731763191106073 2.2942351197653617 0.5972424244052471
2.540154367435465 2.3397866368184834 0.6175093166641751
2.604564896766021 2.385528131239208 0.6333177489382213
2.6706625008598905 2.4340575603988297 0.6251166547575409
2.735534097023943 2.4808729117217485 0.6171155879253392
2.79833154141134 2.5254316720699257 0.6171155872053535
2.863575599545172 2.5717264860686786 0.625116654883368
2.926825402765838 2.6173714502682754 0.6407249801301397
2.9909584077384506 2.665193594107795 0.6327239132338324
3.0538591432372946 2.7113183877256772 0.6249228731966473
3.114684766852626 2.7551959977684772 0.6136694996092307
3.1784529138550144 2.8001139572440783 0.6019659846578155
3.240269719207529 2.8425837387685506 0.6244930213240405
3.299491641140453 2.8852658776713396 0.6317940202822074
3.360014359581972 2.9295603457815007 0.6167859929905992
3.419563505739503 2.9717847377995765 0.6387123108365285
3.4797782812172326 3.016496898898817 0.6612393519429195
3.5366030296933815 3.0607117101886163 0.7156480164848333
3.589429801723554 3.1066392320172507 0.7578507958684355
3.641724533056573 3.156129256927058 0.7867123898111281
3.6911568652926676 3.2056917505314444 0.843195201071024
3.7363822848135757 3.2564722569187885 0.8980642242477135
3.7800010658520904 3.3112208112645294 0.9331813569712815
3.820480130984329 3.365860042268558 0.9776320455312587
3.8573733105892347 3.420585658694257 1.0241362710083872
3.892722220534143 3.4786756949247595 1.0685869587166297
3.924492205979253 3.5365261123942613 1.1184615827985085
3.9529015284555555 3.594989005249439 1.1477908222782667
3.980405198025482 3.6560835856220297 1.1544917180365282
4.006690124229208 3.7155318852892614 1.1740151223525161
4.031036635913255 3.7736373884147856 1.2151973728207128
4.052622037623444 3.8317585643687284 1.2943533853761666
4.070089868747524 3.8933286417365807 1.4148023033288566
4.0797223511383445 3.954575804990824 1.520984999659638
4.082709769983731 4.014501384807281 1.6072513149974432
4.080595861434076 4.072462858778507 1.6751528688517
4.074762370422836 4.128158190199293 1.7232168423633691
4.065956441250181 4.185485807440275 1.7552460446767324
4.055685602830231 4.240535869103848 1.7636486050764717
4.045335953250918 4.293534786270958 1.7501373643541605
4.035881783021017 4.345684754745543 1.710086522122555
4.028801060673113 4.3961908150860705 1.6395131156496168
4.025367795237139 4.446072799500617 1.5621791271088927
4.025781414270164 4.494070998908126 1.4957571634976072
4.029304967132253 4.540938740250022 1.445668686638324
4.035045702552672 4.586579116100418 1.4109076248390258
4.042846971497519 4.634954130750395 1.3912656881176344
4.051239657726839 4.681198714369029 1.3889155892547553
4.059560229092367 4.726439939041755 1.40042517268923
4.0670202800581245 4.769802921271552 1.4291874024036224
4.073089146736584 4.812372502874256 1.4795281946306456
4.076917036539163 4.8541976830689615 1.5467970349029976
4.077972950745982 4.898185024835516 1.61244779996222
4.076224133679904 4.940148607857546 1.6616178671164683
4.072505516829922 4.980979621632844 1.6989216698625418
4.06752231598966 5.019659944234606 1.722434645163117
4.06178212691532 5.057223896669195 1.7319425565266053
4.055845514350699 5.093744512550926 1.7282420934064744
4.050200930010155 5.129299214519024 1.710181830586095
4.045338042732592 5.163959770974127 1.6765258665570741
4.040800158299491 5.206719677711426 1.6052771593788084
4.039352305761763 5.248694698161272 1.5426104362918414
4.0405077680455355 5.28967842128339 1.4880760411562477
4.043812849602074 5.329541631425303 1.443352122568143
4.048769686269651 5.368225350168157 1.4138807851633672
4.054864124939397 5.406746221446172 1.4021668337446338
4.062080963734225 5.449136285003701 1.4150823125674659
4.069059858610025 5.4935918107141655 1.4653966525006004
4.074004418046552 5.540330944524558 1.530434833637818
4.076021984506552 5.59029025065162 1.5759271673256898
4.075739563960278 5.645289542911659 1.5869331223640568
4.074626372742051 5.714280621528233 1.5347918555345925
4.07768628482107 5.799225499996171 1.3189058322862013
